2523 	2011-04-19 	6 	11 	12 	17 	30
2524 	2011-04-21 	11 	12 	21 	25 	27
2525 	2011-04-23 	7 	17 	18 	23 	32
2526 	2011-04-26 	2 	10 	23 	30 	37
2527 	2011-04-28 	4 	6 	10 	17 	37
2514 	2011-03-29 	1 	17 	29 	30 	37
2515 	2011-03-31 	2 	9 	11 	25 	36
2516 	2011-04-02 	2 	10 	27 	34 	35
2517 	2011-04-05 	2 	6 	24 	36 	41
2518 	2011-04-07 	16 	26 	27 	33 	40
2519 	2011-04-09 	1 	6 	34 	40 	42
2520 	2011-04-12 	8 	13 	15 	24 	25
2521 	2011-04-14 	7 	8 	10 	12 	29
2522 	2011-04-16 	2 	9 	11 	35 	36
2513 	2011-03-26 	1 	2 	9 	26 	29
2512 	2011-03-24 	21 	27 	32 	38 	39
2511 	2011-03-22 	9 	10 	17 	27 	29
2510 	2011-03-19 	10 	22 	23 	26 	42
2509 	2011-03-17 	6 	17 	19 	23 	36
2508 	2011-03-15 	2 	10 	15 	25 	32
2507 	2011-03-12 	4 	8 	20 	26 	34
2506 	2011-03-10 	3 	17 	22 	28 	31
2505 	2011-03-08 	5 	8 	14 	23 	33
2504 	2011-03-05 	2 	7 	23 	30 	32
2503 	2011-03-03 	9 	16 	22 	32 	39
2502 	2011-03-01 	4 	22 	29 	32 	39
2501 	2011-02-26 	5 	7 	17 	29 	32
2500 	2011-02-24 	11 	14 	27 	30 	38
2499 	2011-02-22 	22 	33 	34 	36 	42
2498 	2011-02-19 	20 	21 	33 	36 	41
2497 	2011-02-17 	18 	30 	34 	39 	41
2496 	2011-02-15 	1 	13 	24 	32 	35
2495 	2011-02-12 	2 	20 	22 	23 	40
2494 	2011-02-10 	17 	19 	29 	34 	38
2493 	2011-02-08 	3 	4 	9 	40 	42
2492 	2011-02-05 	9 	18 	22 	23 	31
2491 	2011-02-03 	10 	21 	22 	25 	27
2490 	2011-02-01 	7 	9 	10 	19 	28
2489 	2011-01-29 	1 	6 	10 	22 	42
2488 	2011-01-27 	15 	18 	25 	28 	37
2487 	2011-01-25 	5 	8 	10 	15 	30
2486 	2011-01-22 	17 	23 	26 	28 	36
2485 	2011-01-20 	1 	6 	28 	31 	34
2484 	2011-01-18 	8 	17 	25 	30 	33
2483 	2011-01-15 	12 	17 	20 	30 	36
2482 	2011-01-13 	9 	13 	16 	29 	30
2481 	2011-01-11 	1 	7 	26 	30 	34
2480 	2011-01-08 	4 	12 	13 	24 	37
2479 	2011-01-06 	8 	20 	22 	30 	39
2478 	2011-01-04 	7 	9 	25 	29 	31
2477 	2011-01-01 	8 	23 	24 	26 	38
2476 	2010-12-30 	1 	3 	29 	39 	40
2475 	2010-12-28 	17 	26 	27 	35 	36
2474 	2010-12-25 	22 	28 	31 	34 	36
2473 	2010-12-23 	10 	19 	25 	29 	32
2472 	2010-12-21 	10 	24 	28 	30 	36
2471 	2010-12-18 	4 	6 	13 	15 	35
2470 	2010-12-16 	2 	13 	16 	18 	40
2469 	2010-12-14 	7 	8 	12 	29 	34
2468 	2010-12-11 	3 	8 	14 	26 	39
2467 	2010-12-09 	7 	18 	27 	32 	36
2466 	2010-12-07 	2 	7 	15 	25 	41
2465 	2010-12-04 	1 	15 	16 	22 	29
2464 	2010-12-02 	7 	15 	21 	30 	37
2463 	2010-11-30 	4 	6 	10 	24 	32
2462 	2010-11-27 	7 	19 	23 	24 	33
2461 	2010-11-25 	3 	10 	24 	27 	33
2460 	2010-11-23 	7 	22 	28 	29 	42
2459 	2010-11-20 	4 	6 	21 	28 	34
2458 	2010-11-18 	5 	6 	8 	10 	31
2457 	2010-11-16 	21 	28 	31 	35 	37
2456 	2010-11-13 	21 	24 	31 	38 	39
2455 	2010-11-11 	3 	12 	14 	31 	37
2454 	2010-11-09 	2 	7 	9 	36 	39
2453 	2010-11-06 	5 	18 	19 	28 	31
2452 	2010-11-04 	7 	9 	17 	37 	38
2451 	2010-11-02 	17 	19 	27 	34 	35
2450 	2010-10-30 	4 	5 	7 	8 	11
2449 	2010-10-28 	3 	6 	7 	13 	40
2448 	2010-10-26 	7 	18 	19 	20 	32
2447 	2010-10-23 	12 	15 	19 	30 	42
2446 	2010-10-21 	2 	3 	26 	37 	42
2445 	2010-10-19 	1 	26 	31 	35 	40
2444 	2010-10-16 	14 	21 	30 	36 	42
2443 	2010-10-14 	5 	12 	17 	21 	42
2442 	2010-10-12 	10 	27 	31 	34 	35
2441 	2010-10-09 	1 	19 	20 	26 	41
2440 	2010-10-07 	3 	6 	13 	14 	36
2439 	2010-10-05 	1 	15 	18 	35 	42
2438 	2010-10-02 	11 	29 	36 	40 	41
2437 	2010-09-30 	14 	22 	23 	39 	42
2436 	2010-09-28 	4 	8 	16 	17 	27
2435 	2010-09-25 	11 	22 	27 	34 	35
2434 	2010-09-23 	5 	6 	15 	16 	30
2433 	2010-09-21 	4 	14 	21 	35 	37
2432 	2010-09-18 	9 	10 	14 	16 	21
2431 	2010-09-16 	7 	8 	29 	34 	36
2430 	2010-09-14 	11 	18 	24 	33 	38
2429 	2010-09-11 	2 	7 	8 	9 	19
2428 	2010-09-09 	1 	10 	11 	25 	35
2427 	2010-09-07 	2 	9 	12 	15 	25
2426 	2010-09-04 	1 	17 	23 	29 	41
2425 	2010-09-02 	1 	3 	13 	16 	39
2424 	2010-08-31 	17 	18 	20 	22 	28
2423 	2010-08-28 	3 	7 	8 	25 	31
2422 	2010-08-26 	22 	25 	32 	35 	42
2421 	2010-08-24 	20 	21 	29 	31 	35
2420 	2010-08-21 	9 	10 	21 	25 	40
2419 	2010-08-19 	10 	18 	20 	21 	32
2418 	2010-08-17 	4 	12 	19 	28 	31
2417 	2010-08-14 	6 	13 	17 	19 	27
2416 	2010-08-12 	5 	16 	17 	23 	24
2415 	2010-08-10 	14 	15 	21 	24 	34
2414 	2010-08-07 	2 	14 	32 	33 	42					
2413 	2010-08-05 	3 	6 	7 	13 	33
2412 	2010-08-03 	5 	9 	37 	38 	41
2411 	2010-07-31 	10 	13 	20 	25 	40
2410 	2010-07-29 	5 	7 	16 	30 	34
2409 	2010-07-27 	1 	19 	21 	24 	30
2408 	2010-07-24 	6 	18 	24 	27 	31
2407 	2010-07-22 	1 	15 	19 	30 	38
2406 	2010-07-20 	3 	6 	7 	9 	41
2405 	2010-07-17 	14 	15 	16 	19 	28
2404 	2010-07-15 	4 	13 	24 	27 	38
2403 	2010-07-13 	12 	19 	21 	41 	42
2402 	2010-07-10 	2 	3 	6 	19 	28
2401 	2010-07-08 	1 	5 	11 	24 	34
2400 	2010-07-06 	2 	7 	8 	28 	36
2399 	2010-07-03 	3 	21 	23 	30 	35
2398 	2010-07-01 	5 	9 	19 	29 	31
2397 	2010-06-29 	17 	18 	20 	24 	33
2396 	2010-06-26 	6 	14 	16 	27 	40
2395 	2010-06-24 	2 	9 	18 	39 	42
2394 	2010-06-22 	2 	8 	12 	17 	40
2393 	2010-06-19 	18 	25 	28 	29 	33
2392 	2010-06-17 	6 	15 	17 	22 	38
2391 	2010-06-15 	12 	14 	23 	32 	40
2390 	2010-06-12 	6 	24 	31 	37 	39
2389 	2010-06-10 	1 	19 	26 	32 	36
2388 	2010-06-08 	7 	10 	12 	37 	41
2387 	2010-06-05 	7 	17 	34 	35 	38
2386 	2010-06-03 	12 	15 	19 	25 	37
2385 	2010-06-01 	5 	8 	23 	31 	41
2384 	2010-05-29 	2 	9 	14 	30 	41
2383 	2010-05-27 	6 	21 	29 	31 	32
2382 	2010-05-25 	6 	25 	29 	37 	40
2381 	2010-05-22 	5 	9 	12 	20 	31
2380 	2010-05-20 	16 	18 	23 	28 	32
2379 	2010-05-18 	7 	15 	23 	28 	37
2378 	2010-05-15 	4 	12 	20 	25 	29
2377 	2010-05-13 	5 	10 	17 	36 	37
2376 	2010-05-11 	4 	5 	7 	23 	28
2375 	2010-05-08 	9 	12 	18 	20 	21
2374 	2010-05-06 	7 	12 	27 	32 	39
2373 	2010-05-04 	19 	20 	28 	35 	36
2372 	2010-05-01 	9 	11 	24 	32 	35
2371 	2010-04-29 	10 	22 	25 	27 	36
2370 	2010-04-27 	1 	2 	5 	11 	34
2369 	2010-04-24 	5 	24 	34 	38 	41
2368 	2010-04-22 	1 	3 	5 	21 	41
2367 	2010-04-20 	26 	27 	34 	38 	42
2366 	2010-04-17 	1 	21 	31 	36 	40
2365 	2010-04-15 	10 	13 	17 	28 	41
2364 	2010-04-13 	6 	14 	28 	30 	32
2363 	2010-04-10 	1 	6 	11 	19 	34
2362 	2010-04-08 	2 	13 	23 	30 	39
2361 	2010-04-06 	9 	13 	15 	19 	31
2360 	2010-04-03 	10 	12 	13 	20 	27
2359 	2010-04-01 	5 	8 	23 	24 	27
2358 	2010-03-30 	7 	20 	24 	25 	41
2357 	2010-03-27 	2 	9 	13 	34 	37
2356 	2010-03-25 	12 	13 	17 	28 	36
2355 	2010-03-23 	1 	15 	20 	30 	35
2354 	2010-03-20 	8 	10 	12 	16 	17
2353 	2010-03-18 	12 	16 	17 	22 	28
2352 	2010-03-16 	1 	3 	6 	12 	29
2351 	2010-03-13 	1 	11 	15 	27 	33
2350 	2010-03-11 	7 	22 	25 	27 	33
2349 	2010-03-09 	9 	19 	28 	30 	31
2348 	2010-03-06 	3 	19 	27 	30 	34
2347 	2010-03-04 	8 	19 	26 	32 	42
2346 	2010-03-02 	8 	12 	17 	18 	37
2345 	2010-02-27 	5 	9 	12 	19 	36
2344 	2010-02-25 	5 	8 	28 	39 	40
2343 	2010-02-23 	3 	24 	33 	35 	40
2342 	2010-02-20 	15 	17 	27 	32 	36
2341 	2010-02-18 	9 	21 	29 	30 	32
2340 	2010-02-16 	2 	12 	17 	21 	22
2339 	2010-02-13 	21 	28 	32 	35 	37
2338 	2010-02-11 	8 	12 	26 	40 	41
2337 	2010-02-09 	6 	9 	21 	37 	40
2336 	2010-02-06 	8 	17 	29 	34 	41
2335 	2010-02-04 	13 	14 	17 	19 	26
2334 	2010-02-02 	9 	13 	15 	32 	36
2333 	2010-01-30 	13 	17 	23 	24 	41
2332 	2010-01-28 	2 	3 	5 	20 	41
2331 	2010-01-26 	8 	14 	15 	16 	17
2330 	2010-01-23 	4 	9 	13 	29 	41
2329 	2010-01-21 	16 	17 	18 	20 	27
2328 	2010-01-19 	7 	26 	35 	38 	41
2327 	2010-01-16 	4 	10 	22 	25 	33
2326 	2010-01-14 	8 	9 	20 	27 	37
2325 	2010-01-12 	2 	21 	31 	35 	40
2324 	2010-01-09 	5 	22 	33 	34 	38
2323 	2010-01-07 	1 	2 	6 	10 	37
2322 	2010-01-05 	4 	22 	26 	34 	41
2321 	2010-01-02 	2 	3 	19 	26 	31
2320 	2009-12-31 	6 	20 	21 	33 	42
2319 	2009-12-29 	3 	9 	24 	27 	36
2318 	2009-12-26 	2 	6 	10 	32 	35
2317 	2009-12-24 	1 	2 	8 	11 	39
2316 	2009-12-22 	3 	14 	29 	40 	42
2315 	2009-12-19 	2 	13 	19 	23 	30
2314 	2009-12-17 	18 	26 	27 	28 	42
2313 	2009-12-15 	12 	14 	23 	28 	35
2312 	2009-12-12 	11 	20 	24 	27 	37
2311 	2009-12-10 	4 	22 	25 	34 	35
2310 	2009-12-08 	6 	10 	14 	25 	26
2309 	2009-12-05 	1 	9 	17 	23 	37
2308 	2009-12-03 	5 	9 	19 	25 	26
2307 	2009-12-01 	1 	3 	14 	32 	36
2306 	2009-11-28 	1 	11 	25 	31 	37
2305 	2009-11-26 	11 	19 	20 	36 	38
2304 	2009-11-24 	12 	18 	22 	31 	37
2303 	2009-11-21 	10 	15 	18 	25 	27
2302 	2009-11-19 	17 	19 	28 	33 	41
2301 	2009-11-17 	15 	16 	21 	31 	35
2300 	2009-11-14 	2 	3 	8 	33 	37
2299 	2009-11-12 	1 	8 	24 	27 	35
2298 	2009-11-10 	6 	12 	18 	23 	35
2297 	2009-11-07 	1 	3 	6 	24 	34
2296 	2009-11-05 	9 	21 	27 	31 	36
2295 	2009-11-03 	8 	11 	16 	22 	23
2294 	2009-10-31 	1 	5 	18 	27 	30
2293 	2009-10-29 	14 	15 	17 	21 	35
2292 	2009-10-27 	3 	20 	23 	28 	37
2291 	2009-10-24 	7 	26 	32 	33 	39
2290 	2009-10-22 	1 	4 	9 	14 	27
2289 	2009-10-20 	9 	11 	13 	24 	27
2288 	2009-10-17 	11 	16 	21 	38 	42
2287 	2009-10-15 	2 	14 	21 	34 	42
2286 	2009-10-13 	28 	29 	31 	36 	42
2285 	2009-10-10 	10 	28 	29 	33 	42
2284 	2009-10-08 	7 	10 	13 	30 	39
2283 	2009-10-06 	3 	11 	29 	35 	40
2282 	2009-10-03 	2 	3 	17 	24 	37
2281 	2009-10-01 	8 	9 	17 	34 	41
2280 	2009-09-29 	1 	2 	8 	28 	41
2279 	2009-09-26 	22 	26 	31 	33 	40
2278 	2009-09-24 	7 	17 	18 	28 	41
2277 	2009-09-22 	5 	28 	30 	31 	39
2276 	2009-09-19 	9 	14 	27 	31 	38
2275 	2009-09-17 	1 	12 	24 	35 	36
2274 	2009-09-15 	1 	2 	8 	22 	38
2273 	2009-09-12 	1 	2 	3 	30 	37
2272 	2009-09-10 	3 	15 	17 	20 	33
2271 	2009-09-08 	21 	22 	23 	38 	40
2270 	2009-09-05 	8 	19 	32 	34 	36
2269 	2009-09-03 	1 	4 	37 	40 	41
2268 	2009-09-01 	3 	11 	22 	24 	26
2267 	2009-08-29 	1 	2 	21 	31 	33
2266 	2009-08-27 	24 	27 	31 	35 	41
2265 	2009-08-25 	1 	26 	28 	31 	37
2264 	2009-08-22 	3 	7 	14 	25 	29
2263 	2009-08-20 	5 	21 	25 	32 	39
2262 	2009-08-18 	9 	20 	22 	28 	36
2261 	2009-08-15 	14 	29 	36 	39 	42
2260 	2009-08-13 	4 	8 	16 	30 	42
2259 	2009-08-11 	10 	12 	18 	21 	28
2258 	2009-08-08 	16 	19 	20 	32 	36
2257 	2009-08-06 	4 	11 	15 	25 	30
2256 	2009-08-04 	3 	4 	11 	20 	30
2255 	2009-08-01 	10 	17 	25 	31 	32
2254 	2009-07-30 	3 	16 	18 	27 	42
2253 	2009-07-28 	6 	9 	17 	25 	33
2252 	2009-07-25 	10 	24 	35 	36 	41
2251 	2009-07-23 	1 	4 	7 	29 	40
2250 	2009-07-21 	8 	13 	31 	32 	41
2249 	2009-07-18 	7 	12 	20 	21 	27
2248 	2009-07-16 	4 	14 	24 	35 	38
2247 	2009-07-14 	15 	18 	20 	21 	41
2246 	2009-07-11 	16 	20 	28 	36 	41
2245 	2009-07-09 	1 	6 	10 	16 	24
2244 	2009-07-07 	3 	16 	29 	30 	40
2243 	2009-07-04 	1 	4 	14 	26 	40
2242 	2009-07-02 	5 	11 	13 	38 	40
2241 	2009-06-30 	1 	2 	8 	29 	42
2240 	2009-06-27 	3 	15 	29 	37 	42
2239 	2009-06-25 	6 	13 	17 	30 	36
2238 	2009-06-23 	2 	5 	13 	28 	35
2237 	2009-06-20 	4 	12 	21 	22 	29
2236 	2009-06-18 	9 	25 	30 	41 	42
2235 	2009-06-16 	19 	23 	35 	36 	42
2234 	2009-06-13 	15 	23 	24 	35 	37
2233 	2009-06-11 	7 	10 	29 	31 	39
2232 	2009-06-09 	9 	19 	22 	28 	29
2231 	2009-06-06 	5 	19 	27 	39 	40
2230 	2009-06-04 	5 	18 	24 	28 	34
2229 	2009-06-02 	2 	6 	12 	29 	30
2228 	2009-05-30 	3 	5 	7 	8 	39
2227 	2009-05-28 	1 	3 	22 	38 	40
2226 	2009-05-26 	1 	6 	23 	36 	38
2225 	2009-05-23 	11 	30 	34 	37 	41
2224 	2009-05-21 	4 	7 	24 	33 	37
2223 	2009-05-19 	2 	7 	30 	37 	41
2222 	2009-05-16 	6 	11 	25 	27 	31
2221 	2009-05-14 	7 	23 	25 	28 	40
2220 	2009-05-12 	13 	18 	20 	32 	40
2219 	2009-05-09 	1 	5 	6 	36 	38
2218 	2009-05-07 	7 	14 	16 	28 	32
2217 	2009-05-05 	13 	16 	18 	20 	23
2216 	2009-05-02 	10 	17 	21 	28 	38
2215 	2009-04-30 	8 	23 	33 	39 	41
2214 	2009-04-28 	5 	19 	30 	35 	41
2213 	2009-04-25 	8 	17 	22 	30 	34
2212 	2009-04-23 	19 	21 	24 	28 	36
2211 	2009-04-21 	9 	12 	23 	31 	38
2210 	2009-04-18 	1 	7 	13 	34 	35
2209 	2009-04-16 	4 	5 	12 	34 	40
2208 	2009-04-14 	2 	6 	10 	33 	37
2207 	2009-04-11 	1 	8 	21 	26 	38
2206 	2009-04-09 	10 	20 	26 	36 	41
2205 	2009-04-07 	14 	22 	24 	31 	33
2204 	2009-04-04 	11 	14 	22 	35 	39
2203 	2009-04-02 	7 	10 	17 	19 	28
2202 	2009-03-31 	16 	24 	25 	28 	38
2201 	2009-03-28 	7 	12 	19 	20 	27
2200 	2009-03-26 	11 	13 	19 	32 	34
2199 	2009-03-24 	4 	13 	18 	29 	30
2198 	2009-03-21 	7 	17 	19 	20 	22
2197 	2009-03-19 	10 	12 	15 	18 	42
2196 	2009-03-17 	7 	11 	12 	32 	37
2195 	2009-03-14 	5 	9 	12 	21 	26
2194 	2009-03-12 	1 	10 	22 	24 	37
2193 	2009-03-10 	11 	12 	28 	31 	42
2192 	2009-03-07 	1 	16 	23 	29 	33
2191 	2009-03-05 	8 	11 	29 	33 	40
2190 	2009-03-03 	4 	18 	28 	30 	33
2189 	2009-02-28 	2 	5 	15 	34 	38
2188 	2009-02-26 	4 	15 	21 	24 	38
2187 	2009-02-24 	5 	9 	16 	19 	38
2186 	2009-02-21 	22 	32 	33 	40 	42
2185 	2009-02-19 	3 	6 	10 	25 	42
2184 	2009-02-17 	4 	10 	20 	27 	32
2183 	2009-02-14 	9 	30 	31 	37 	39
2182 	2009-02-12 	2 	3 	7 	28 	37
2181 	2009-02-10 	17 	19 	24 	30 	39
2180 	2009-02-07 	13 	19 	30 	33 	38
2179 	2009-02-05 	1 	11 	12 	13 	22
2178 	2009-02-03 	8 	11 	15 	37 	40
2177 	2009-01-31 	7 	17 	18 	21 	33
2176 	2009-01-29 	3 	8 	10 	18 	28
2175 	2009-01-27 	4 	6 	10 	13 	23
2174 	2009-01-24 	15 	23 	25 	31 	36
2173 	2009-01-22 	4 	30 	31 	35 	36
2172 	2009-01-20 	2 	4 	9 	12 	19
2171 	2009-01-17 	2 	7 	17 	23 	32
2170 	2009-01-15 	2 	15 	17 	21 	41
2169 	2009-01-13 	11 	16 	34 	35 	39
2168 	2009-01-10 	21 	33 	35 	36 	42
2167 	2009-01-08 	3 	14 	20 	35 	40
2166 	2009-01-06 	4 	18 	25 	28 	39
2165 	2009-01-03 	1 	5 	25 	29 	32
2164 	2009-01-01 	4 	12 	15 	19 	31
2163 	2008-12-30 	5 	9 	11 	17 	23
2162 	2008-12-27 	1 	3 	13 	16 	20
2161 	2008-12-25 	10 	11 	18 	24 	30
2160 	2008-12-23 	1 	8 	25 	30 	38
2159 	2008-12-20 	4 	15 	17 	35 	41
2158 	2008-12-18 	10 	17 	18 	31 	36
2157 	2008-12-16 	8 	9 	14 	18 	32
2156 	2008-12-13 	9 	14 	20 	35 	37
2155 	2008-12-11 	12 	20 	23 	24 	36
2154 	2008-12-09 	17 	25 	31 	35 	36
2153 	2008-12-06 	13 	14 	23 	36 	42
2152 	2008-12-04 	8 	12 	23 	32 	38
2151 	2008-12-02 	6 	9 	22 	27 	41
2150 	2008-11-29 	4 	6 	9 	14 	31
2149 	2008-11-27 	5 	11 	27 	33 	36
2148 	2008-11-25 	18 	23 	24 	28 	29
2147 	2008-11-22 	12 	15 	18 	27 	35
2146 	2008-11-20 	3 	5 	11 	19 	20
2145 	2008-11-18 	20 	21 	25 	31 	42
2144 	2008-11-15 	3 	4 	25 	32 	34
2143 	2008-11-13 	7 	12 	15 	23 	28
2142 	2008-11-11 	2 	12 	18 	41 	42
2141 	2008-11-08 	5 	10 	12 	26 	38
2140 	2008-11-06 	11 	17 	27 	28 	31
2139 	2008-11-04 	9 	17 	34 	38 	41
2138 	2008-11-01 	17 	18 	21 	30 	41
2137 	2008-10-30 	2 	22 	27 	30 	34
2136 	2008-10-28 	4 	14 	35 	37 	41
2135 	2008-10-25 	5 	13 	20 	22 	41
2134 	2008-10-23 	10 	22 	28 	38 	41
2133 	2008-10-21 	4 	6 	28 	30 	31
2132 	2008-10-18 	6 	11 	30 	38 	40
2131 	2008-10-16 	3 	5 	8 	30 	36
2130 	2008-10-14 	4 	5 	7 	20 	41
2129 	2008-10-11 	4 	23 	26 	34 	38
2128 	2008-10-08 	8 	16 	21 	25 	29
2127 	2008-10-04 	5 	17 	24 	28 	39
2126 	2008-10-01 	9 	16 	21 	26 	37
2125 	2008-09-27 	1 	4 	11 	31 	40
2124 	2008-09-24 	4 	8 	12 	17 	42
2123 	2008-09-20 	1 	9 	16 	17 	35
2122 	2008-09-17 	6 	13 	22 	36 	39
2121 	2008-09-13 	6 	22 	25 	28 	40
2120 	2008-09-10 	16 	22 	25 	28 	33
2119 	2008-09-06 	6 	8 	9 	30 	31
2118 	2008-09-03 	2 	27 	33 	34 	38
2117 	2008-08-30 	3 	13 	18 	26 	39
2116 	2008-08-27 	4 	27 	33 	38 	42
2115 	2008-08-23 	20 	27 	28 	30 	33
2114 	2008-08-20 	8 	20 	23 	30 	34
2113 	2008-08-16 	7 	10 	18 	36 	39
2112 	2008-08-13 	16 	17 	20 	25 	36
2111 	2008-08-09 	2 	4 	17 	18 	23
2110 	2008-08-06 	2 	12 	30 	32 	42
2109 	2008-08-02 	12 	15 	18 	23 	28
2108 	2008-07-30 	4 	15 	26 	31 	35
2107 	2008-07-26 	11 	13 	36 	37 	42
2106 	2008-07-23 	6 	12 	14 	21 	23
2105 	2008-07-19 	2 	11 	12 	14 	42
2104 	2008-07-16 	4 	5 	9 	19 	24
2103 	2008-07-12 	19 	22 	24 	38 	39
2102 	2008-07-09 	5 	11 	17 	29 	33
2101 	2008-07-05 	5 	25 	28 	29 	31
2100 	2008-07-02 	7 	14 	25 	36 	41
2099 	2008-06-28 	9 	20 	24 	26 	42
2098 	2008-06-25 	1 	6 	8 	17 	20
2097 	2008-06-21 	2 	23 	30 	40 	41
2096 	2008-06-18 	9 	12 	18 	22 	42
2095 	2008-06-14 	1 	3 	13 	38 	41
2094 	2008-06-11 	9 	11 	20 	23 	42
2093 	2008-06-07 	6 	7 	13 	23 	27
2092 	2008-06-04 	2 	14 	16 	25 	32
2091 	2008-05-31 	6 	13 	19 	22 	28
2090 	2008-05-28 	10 	13 	23 	28 	32
2089 	2008-05-24 	10 	22 	27 	31 	33
2088 	2008-05-21 	12 	24 	34 	38 	40
2087 	2008-05-17 	12 	22 	28 	31 	42
2086 	2008-05-14 	8 	13 	17 	20 	22
2085 	2008-05-10 	5 	11 	16 	24 	27
2084 	2008-05-07 	5 	13 	16 	33 	38
2083 	2008-05-03 	4 	6 	21 	22 	41
2082 	2008-04-30 	8 	29 	31 	32 	33
2081 	2008-04-26 	9 	20 	23 	25 	29
2080 	2008-04-23 	12 	17 	29 	33 	35
2079 	2008-04-19 	4 	6 	7 	8 	27
2078 	2008-04-16 	19 	22 	28 	36 	37
2077 	2008-04-12 	9 	17 	22 	36 	41
2076 	2008-04-09 	15 	17 	23 	37 	42
2075 	2008-04-05 	2 	14 	19 	28 	30
2074 	2008-04-02 	1 	4 	16 	29 	31
2073 	2008-03-29 	7 	23 	27 	29 	30
2072 	2008-03-26 	5 	9 	26 	31 	41
2071 	2008-03-22 	2 	21 	23 	27 	32
2070 	2008-03-19 	1 	4 	31 	33 	39
2069 	2008-03-15 	1 	6 	16 	18 	20
2068 	2008-03-12 	14 	15 	18 	20 	40
2067 	2008-03-08 	9 	13 	20 	29 	33
2066 	2008-03-05 	5 	7 	16 	29 	42
2065 	2008-03-01 	9 	15 	23 	27 	42
2064 	2008-02-27 	4 	8 	18 	30 	40
2063 	2008-02-23 	2 	23 	28 	34 	38
2062 	2008-02-20 	1 	14 	21 	28 	42
2061 	2008-02-16 	1 	13 	16 	19 	42
2060 	2008-02-13 	6 	11 	17 	28 	38
2059 	2008-02-09 	6 	7 	29 	31 	37
2058 	2008-02-06 	11 	18 	19 	34 	39
2057 	2008-02-02 	2 	21 	28 	35 	41
2056 	2008-01-30 	1 	9 	28 	33 	39
2055 	2008-01-26 	3 	11 	13 	21 	35
2054 	2008-01-23 	13 	29 	36 	37 	38
2053 	2008-01-19 	8 	9 	21 	33 	39
2052 	2008-01-16 	22 	27 	33 	40 	42
2051 	2008-01-12 	10 	16 	31 	33 	41
2050 	2008-01-09 	2 	10 	16 	26 	40
2049 	2008-01-05 	3 	7 	10 	24 	41
2048 	2008-01-02 	6 	8 	34 	36 	40
2047 	2007-12-29 	5 	9 	13 	23 	42
2046 	2007-12-26 	4 	7 	8 	22 	38
2045 	2007-12-22 	5 	8 	12 	26 	28
2044 	2007-12-19 	2 	18 	25 	29 	31
2043 	2007-12-15 	3 	12 	13 	17 	41
2042 	2007-12-12 	2 	18 	28 	32 	39
2041 	2007-12-08 	11 	24 	27 	28 	41
2040 	2007-12-05 	1 	5 	14 	25 	33
2039 	2007-12-01 	1 	16 	29 	35 	42
2038 	2007-11-28 	2 	23 	26 	27 	33
2037 	2007-11-24 	1 	5 	7 	31 	33
2036 	2007-11-21 	6 	14 	19 	25 	36
2035 	2007-11-17 	15 	16 	32 	36 	40
2034 	2007-11-14 	2 	3 	15 	34 	40
2033 	2007-11-10 	11 	14 	25 	31 	38
2032 	2007-11-07 	12 	17 	20 	34 	38
2031 	2007-11-03 	6 	9 	12 	16 	27
2030 	2007-10-31 	4 	15 	23 	24 	32
2029 	2007-10-27 	4 	25 	28 	41 	42
2028 	2007-10-24 	9 	17 	21 	27 	38
2027 	2007-10-20 	6 	31 	36 	37 	41
2026 	2007-10-17 	3 	19 	23 	38 	39
2025 	2007-10-13 	2 	3 	15 	23 	41
2024 	2007-10-10 	3 	5 	28 	36 	40
2023 	2007-10-06 	23 	27 	31 	34 	35
2022 	2007-10-03 	13 	21 	35 	37 	39
2021 	2007-09-29 	5 	12 	30 	33 	36
2020 	2007-09-26 	4 	11 	19 	20 	30
2019 	2007-09-22 	5 	14 	16 	36 	38
2018 	2007-09-19 	3 	15 	32 	39 	40
2017 	2007-09-15 	5 	15 	17 	30 	41
2016 	2007-09-12 	1 	2 	7 	19 	29
2015 	2007-09-08 	4 	28 	30 	33 	34
2014 	2007-09-05 	8 	12 	36 	38 	42
2013 	2007-09-01 	10 	13 	17 	20 	28
2012 	2007-08-29 	1 	2 	12 	32 	36
2011 	2007-08-25 	7 	13 	14 	16 	39
2010 	2007-08-22 	13 	15 	26 	29 	32
2009 	2007-08-18 	1 	21 	25 	26 	36
2008 	2007-08-15 	11 	16 	21 	27 	41
2007 	2007-08-11 	19 	23 	24 	25 	26
2006 	2007-08-08 	11 	14 	19 	21 	28
2005 	2007-08-04 	18 	24 	28 	30 	33
2004 	2007-08-01 	23 	27 	29 	36 	42
2003 	2007-07-28 	7 	8 	12 	15 	41
2002 	2007-07-25 	14 	17 	21 	29 	37
2001 	2007-07-21 	5 	6 	25 	29 	38
2000 	2007-07-18 	11 	22 	31 	36 	40
1999 	2007-07-14 	23 	27 	31 	33 	41
1998 	2007-07-11 	5 	16 	25 	29 	42
1997 	2007-07-07 	2 	5 	6 	21 	29
1996 	2007-07-04 	9 	12 	16 	22 	38
1995 	2007-06-30 	7 	15 	16 	33 	35
1994 	2007-06-27 	11 	13 	24 	31 	38
1993 	2007-06-23 	8 	17 	25 	26 	39
1992 	2007-06-20 	8 	10 	13 	32 	33
1991 	2007-06-16 	5 	9 	22 	32 	36
1990 	2007-06-13 	2 	17 	19 	20 	35
1989 	2007-06-09 	4 	6 	9 	15 	31
1988 	2007-06-06 	5 	6 	34 	40 	42
1987 	2007-06-02 	1 	7 	16 	26 	30
1986 	2007-05-30 	1 	10 	13 	17 	19
1985 	2007-05-26 	2 	5 	24 	26 	34
1984 	2007-05-23 	2 	8 	13 	24 	25
1983 	2007-05-19 	14 	20 	23 	29 	41
1982 	2007-05-16 	10 	21 	39 	41 	42
1981 	2007-05-12 	2 	5 	7 	19 	23
1980 	2007-05-09 	12 	13 	20 	40 	41
1979 	2007-05-05 	2 	11 	15 	35 	37
1978 	2007-05-02 	22 	23 	35 	36 	39
1977 	2007-04-28 	11 	15 	16 	18 	38
1976 	2007-04-25 	5 	7 	17 	21 	35
1975 	2007-04-21 	1 	4 	25 	30 	37
1974 	2007-04-18 	3 	12 	24 	27 	36
1973 	2007-04-14 	1 	8 	15 	33 	39
1972 	2007-04-11 	3 	6 	7 	15 	21
1971 	2007-04-07 	5 	8 	40 	41 	42
1970 	2007-04-04 	15 	26 	27 	28 	33
1969 	2007-03-31 	12 	16 	28 	33 	35
1968 	2007-03-28 	1 	8 	27 	36 	41
1967 	2007-03-24 	2 	3 	8 	13 	30
1966 	2007-03-21 	3 	12 	14 	29 	37
1965 	2007-03-17 	1 	9 	11 	14 	30
1964 	2007-03-14 	22 	23 	26 	27 	39
1963 	2007-03-10 	4 	15 	17 	24 	36
1962 	2007-03-07 	1 	7 	8 	26 	28
1961 	2007-03-03 	7 	13 	18 	27 	39
1960 	2007-02-28 	11 	14 	28 	32 	40
1959 	2007-02-24 	13 	27 	30 	33 	35
1958 	2007-02-21 	6 	8 	12 	14 	38
1957 	2007-02-17 	1 	6 	17 	22 	42
1956 	2007-02-14 	9 	12 	21 	24 	40
1955 	2007-02-10 	1 	4 	22 	23 	38
1954 	2007-02-07 	1 	9 	22 	25 	27
1953 	2007-02-03 	14 	16 	28 	31 	38
1952 	2007-01-31 	5 	17 	31 	33 	41
1951 	2007-01-27 	1 	3 	9 	25 	40
1950 	2007-01-24 	7 	15 	20 	26 	29
1949 	2007-01-20 	12 	27 	32 	38 	41
1948 	2007-01-17 	3 	10 	16 	23 	31
1947 	2007-01-13 	8 	22 	23 	26 	32
1946 	2007-01-10 	4 	5 	19 	24 	29
1945 	2007-01-06 	3 	5 	23 	25 	35
1944 	2007-01-03 	5 	6 	28 	34 	40
1943 	2006-12-30 	9 	10 	25 	27 	36
1942 	2006-12-27 	17 	27 	32 	33 	40
1941 	2006-12-23 	2 	7 	13 	32 	39
1940 	2006-12-20 	13 	26 	31 	32 	36
1939 	2006-12-16 	4 	10 	14 	23 	29
1938 	2006-12-13 	1 	8 	14 	37 	41
1937 	2006-12-09 	21 	24 	26 	35 	41
1936 	2006-12-06 	11 	13 	36 	37 	38
1935 	2006-12-02 	10 	11 	21 	35 	36
1934 	2006-11-29 	8 	15 	33 	38 	40
1933 	2006-11-25 	11 	17 	20 	29 	33
1932 	2006-11-22 	19 	29 	34 	40 	42
1931 	2006-11-18 	2 	3 	26 	27 	41
1930 	2006-11-15 	12 	15 	17 	37 	42
1929 	2006-11-11 	1 	2 	6 	24 	30
1928 	2006-11-08 	4 	13 	17 	19 	29
1927 	2006-11-04 	2 	6 	15 	20 	25
1926 	2006-11-01 	1 	2 	6 	28 	41
1925 	2006-10-28 	7 	16 	19 	32 	40
1924 	2006-10-25 	2 	20 	21 	24 	38
1923 	2006-10-21 	7 	15 	22 	31 	42
1922 	2006-10-18 	4 	17 	21 	25 	32
1921 	2006-10-14 	5 	15 	19 	30 	32
1920 	2006-10-11 	16 	19 	23 	25 	34
1919 	2006-10-07 	1 	7 	27 	29 	42
1918 	2006-10-04 	2 	12 	17 	27 	34
1917 	2006-09-30 	2 	10 	14 	41 	42
1916 	2006-09-27 	8 	10 	32 	33 	38
1915 	2006-09-23 	3 	13 	24 	36 	37
1914 	2006-09-20 	19 	20 	27 	28 	38
1913 	2006-09-16 	10 	19 	22 	26 	34
1912 	2006-09-13 	13 	16 	29 	35 	39
1911 	2006-09-10 	7 	15 	16 	32 	37
1910 	2006-09-06 	2 	13 	15 	21 	41
1909 	2006-09-02 	5 	11 	19 	24 	34
1908 	2006-08-30 	3 	7 	13 	22 	39
1907 	2006-08-26 	5 	12 	19 	24 	32
1906 	2006-08-23 	5 	26 	28 	37 	42
1905 	2006-08-19 	2 	3 	7 	15 	27
1904 	2006-08-16 	3 	14 	22 	36 	40
1903 	2006-08-12 	16 	17 	33 	36 	41
1902 	2006-08-09 	8 	17 	20 	35 	42
1901 	2006-08-05 	14 	16 	30 	35 	37
1900 	2006-08-02 	1 	2 	16 	30 	37
1899 	2006-07-29 	2 	6 	26 	37 	42
1898 	2006-07-26 	3 	4 	9 	22 	32
1897 	2006-07-22 	5 	6 	12 	21 	31
1896 	2006-07-19 	14 	15 	21 	29 	30
1895 	2006-07-15 	5 	10 	24 	25 	32
1894 	2006-07-12 	7 	13 	16 	25 	30
1893 	2006-07-08 	5 	22 	27 	28 	32
1892 	2006-07-05 	3 	12 	29 	30 	38
1891 	2006-07-01 	1 	8 	21 	26 	41
1890 	2006-06-28 	3 	9 	10 	23 	41
1889 	2006-06-24 	3 	25 	28 	37 	38
1888 	2006-06-21 	9 	16 	17 	30 	34
1887 	2006-06-17 	2 	14 	15 	16 	41
1886 	2006-06-14 	10 	22 	23 	33 	37
1885 	2006-06-10 	11 	20 	22 	33 	40
1884 	2006-06-07 	15 	23 	35 	37 	38
1883 	2006-06-03 	1 	6 	22 	24 	28
1882 	2006-05-31 	7 	12 	24 	27 	30
1881 	2006-05-27 	13 	14 	22 	26 	39
1880 	2006-05-24 	19 	20 	30 	31 	38
1879 	2006-05-20 	2 	4 	21 	31 	38
1878 	2006-05-17 	3 	32 	37 	40 	41
1877 	2006-05-13 	13 	14 	19 	31 	33
1876 	2006-05-10 	5 	10 	15 	38 	42
1875 	2006-05-06 	3 	4 	12 	16 	28
1874 	2006-05-03 	21 	25 	26 	37 	38
1873 	2006-04-29 	9 	14 	22 	33 	36
1872 	2006-04-26 	1 	12 	14 	34 	38
1871 	2006-04-22 	6 	8 	27 	34 	42
1870 	2006-04-19 	5 	8 	15 	25 	31
1869 	2006-04-15 	12 	16 	22 	28 	41
1868 	2006-04-12 	9 	15 	20 	27 	34
1867 	2006-04-08 	1 	7 	23 	34 	36
1866 	2006-04-05 	10 	18 	22 	27 	28
1865 	2006-04-01 	14 	15 	26 	40 	42
1864 	2006-03-29 	8 	14 	15 	20 	28
1863 	2006-03-25 	1 	24 	26 	37 	38
1862 	2006-03-22 	11 	21 	28 	31 	41
1861 	2006-03-18 	4 	6 	13 	32 	41
1860 	2006-03-15 	3 	9 	19 	22 	32
1859 	2006-03-11 	9 	22 	27 	39 	42
1858 	2006-03-08 	7 	11 	13 	19 	24
1857 	2006-03-04 	10 	12 	23 	28 	36
1856 	2006-03-01 	14 	17 	29 	32 	40
1855 	2006-02-25 	5 	15 	23 	35 	41
1854 	2006-02-22 	9 	16 	23 	33 	42
1853 	2006-02-18 	7 	8 	9 	10 	38
1852 	2006-02-15 	2 	7 	8 	10 	42
1851 	2006-02-11 	11 	26 	31 	36 	38
1850 	2006-02-08 	11 	21 	24 	31 	32
1849 	2006-02-04 	2 	3 	6 	12 	26
1848 	2006-02-01 	19 	24 	31 	33 	41
1847 	2006-01-28 	7 	17 	27 	34 	36
1846 	2006-01-25 	9 	27 	34 	36 	39
1845 	2006-01-21 	8 	9 	13 	28 	38
1844 	2006-01-18 	1 	7 	16 	30 	33
1843 	2006-01-14 	1 	21 	26 	28 	32
1842 	2006-01-11 	6 	22 	26 	30 	41
1841 	2006-01-07 	13 	14 	24 	34 	41
1840 	2006-01-04 	1 	21 	23 	25 	30
1839 	2005-12-31 	3 	14 	18 	33 	35
1838 	2005-12-28 	5 	27 	31 	34 	37
1837 	2005-12-24 	7 	20 	32 	33 	35
1836 	2005-12-21 	4 	7 	8 	13 	37
1835 	2005-12-17 	1 	5 	10 	14 	15
1834 	2005-12-14 	10 	17 	20 	35 	38
1833 	2005-12-10 	1 	2 	9 	15 	17
1832 	2005-12-07 	7 	14 	34 	36 	41
1831 	2005-12-03 	6 	12 	34 	40 	42
1830 	2005-11-30 	11 	12 	21 	30 	37
1829 	2005-11-26 	7 	9 	16 	29 	32
1828 	2005-11-23 	4 	13 	20 	32 	38
1827 	2005-11-19 	29 	33 	34 	38 	40
1826 	2005-11-16 	3 	4 	8 	25 	40
1825 	2005-11-12 	3 	10 	12 	15 	31
1824 	2005-11-09 	2 	16 	20 	25 	27
1823 	2005-11-05 	14 	19 	33 	36 	40
1822 	2005-11-02 	3 	22 	30 	31 	39
1821 	2005-10-29 	30 	32 	35 	37 	39
1820 	2005-10-26 	13 	20 	24 	31 	38
1819 	2005-10-22 	22 	25 	31 	33 	42
1818 	2005-10-19 	8 	24 	27 	36 	41
1817 	2005-10-15 	1 	8 	16 	36 	42
1816 	2005-10-12 	5 	8 	15 	18 	38
1815 	2005-10-08 	4 	7 	25 	29 	39
1814 	2005-10-05 	23 	24 	26 	32 	38
1813 	2005-10-01 	9 	11 	26 	29 	31
1812 	2005-09-28 	5 	7 	16 	17 	21
1811 	2005-09-24 	7 	13 	20 	31 	32
1810 	2005-09-21 	12 	16 	19 	20 	28
1809 	2005-09-17 	4 	26 	30 	32 	34
1808 	2005-09-14 	13 	22 	26 	28 	32
1807 	2005-09-10 	1 	14 	29 	31 	36
1806 	2005-09-07 	2 	5 	16 	20 	27
1805 	2005-09-03 	6 	15 	21 	39 	41
1804 	2005-08-31 	2 	8 	12 	22 	29
1803 	2005-08-27 	3 	9 	12 	25 	29
1802 	2005-08-24 	4 	8 	15 	33 	41
1801 	2005-08-20 	6 	7 	15 	16 	19
1800 	2005-08-17 	4 	20 	33 	34 	40
1799 	2005-08-13 	1 	18 	19 	20 	26
1798 	2005-08-10 	14 	19 	22 	33 	34
1797 	2005-08-06 	20 	22 	26 	28 	41
1796 	2005-08-03 	4 	13 	25 	35 	37
1795 	2005-07-30 	3 	4 	17 	28 	41
1794 	2005-07-27 	2 	4 	7 	19 	28
1793 	2005-07-23 	4 	8 	9 	22 	23
1792 	2005-07-20 	9 	13 	21 	28 	39
1791 	2005-07-16 	6 	23 	27 	31 	39
1790 	2005-07-13 	27 	32 	33 	36 	39
1789 	2005-07-09 	19 	28 	31 	33 	36
1788 	2005-07-06 	3 	6 	11 	33 	34
1787 	2005-07-02 	2 	4 	14 	17 	26
1786 	2005-06-29 	3 	5 	14 	16 	21
1785 	2005-06-25 	3 	12 	28 	29 	38
1784 	2005-06-22 	12 	16 	26 	32 	42
1783 	2005-06-18 	4 	11 	16 	27 	33
1782 	2005-06-15 	1 	6 	10 	15 	36
1781 	2005-06-11 	7 	9 	11 	14 	38
1780 	2005-06-08 	10 	11 	29 	38 	42
1779 	2005-06-04 	8 	9 	15 	33 	34
1778 	2005-06-01 	4 	14 	19 	20 	39
1777 	2005-05-28 	10 	11 	22 	26 	30
1776 	2005-05-25 	1 	3 	4 	6 	22
1775 	2005-05-21 	4 	19 	20 	30 	39
1774 	2005-05-18 	8 	18 	26 	38 	39
1773 	2005-05-14 	1 	6 	17 	21 	26
1772 	2005-05-11 	15 	21 	31 	39 	40
1771 	2005-05-07 	11 	14 	15 	17 	38
1770 	2005-05-04 	7 	14 	18 	24 	32
1769 	2005-04-30 	10 	12 	14 	29 	35
1768 	2005-04-27 	1 	9 	14 	25 	42
1767 	2005-04-23 	8 	14 	16 	19 	31
1766 	2005-04-20 	7 	10 	17 	22 	32
1765 	2005-04-16 	16 	23 	32 	37 	42
1764 	2005-04-13 	6 	19 	21 	39 	40
1763 	2005-04-09 	1 	4 	12 	17 	37
1762 	2005-04-06 	4 	5 	15 	17 	37
1761 	2005-04-02 	6 	18 	24 	29 	36
1760 	2005-03-30 	6 	7 	11 	31 	35
1759 	2005-03-26 	2 	19 	20 	27 	28
1758 	2005-03-23 	2 	5 	8 	10 	17
1757 	2005-03-19 	2 	10 	15 	16 	39
1756 	2005-03-16 	4 	7 	10 	19 	34
1755 	2005-03-12 	2 	7 	21 	22 	41
1754 	2005-03-09 	10 	13 	25 	28 	36
1753 	2005-03-05 	6 	16 	20 	25 	36
1752 	2005-03-02 	10 	15 	23 	31 	35
1751 	2005-02-26 	1 	4 	22 	28 	39
1750 	2005-02-23 	5 	12 	15 	18 	35
1749 	2005-02-19 	1 	15 	25 	27 	29
1748 	2005-02-16 	6 	8 	18 	26 	38
1747 	2005-02-12 	15 	26 	27 	29 	39
1746 	2005-02-09 	7 	21 	25 	35 	37
1745 	2005-02-05 	4 	6 	24 	35 	37
1744 	2005-02-02 	15 	27 	31 	35 	39
1743 	2005-01-29 	7 	17 	18 	20 	24
1742 	2005-01-26 	30 	31 	34 	37 	41
1741 	2005-01-22 	6 	16 	18 	20 	31
1740 	2005-01-19 	13 	19 	23 	33 	39
1739 	2005-01-15 	3 	5 	7 	13 	20
1738 	2005-01-12 	6 	11 	21 	38 	40
1737 	2005-01-08 	9 	19 	33 	34 	38
1736 	2005-01-05 	4 	13 	29 	35 	39
1735 	2005-01-01 	7 	15 	25 	29 	38
1734 	2004-12-29 	11 	14 	19 	24 	26
1733 	2004-12-25 	3 	8 	19 	29 	34
1732 	2004-12-22 	4 	19 	23 	26 	36
1731 	2004-12-18 	9 	21 	27 	39 	42
1730 	2004-12-15 	17 	24 	25 	26 	29
1729 	2004-12-11 	9 	13 	27 	33 	41
1728 	2004-12-08 	3 	4 	14 	27 	39
1727 	2004-12-04 	11 	18 	21 	25 	30
1726 	2004-12-01 	2 	15 	21 	31 	35
1725 	2004-11-27 	14 	24 	25 	34 	36
1724 	2004-11-24 	1 	9 	14 	26 	42
1723 	2004-11-20 	1 	11 	12 	13 	41
1722 	2004-11-17 	6 	16 	19 	25 	29
1721 	2004-11-13 	9 	15 	28 	30 	39
1720 	2004-11-10 	9 	17 	19 	26 	27
1719 	2004-11-06 	3 	5 	29 	31 	38
1718 	2004-11-03 	6 	8 	16 	38 	41
1717 	2004-10-30 	2 	13 	16 	19 	39
1716 	2004-10-27 	9 	14 	15 	17 	32
1715 	2004-10-23 	15 	22 	30 	33 	34
1714 	2004-10-20 	10 	16 	19 	21 	42
1713 	2004-10-16 	2 	11 	19 	31 	35
1712 	2004-10-13 	1 	15 	24 	27 	30
1711 	2004-10-09 	4 	10 	21 	36 	41
1710 	2004-10-06 	2 	7 	9 	12 	25
1709 	2004-10-02 	1 	12 	19 	35 	37
1708 	2004-09-29 	3 	9 	20 	21 	22
1707 	2004-09-25 	5 	10 	11 	15 	20
1706 	2004-09-22 	3 	7 	26 	39 	42
1705 	2004-09-18 	8 	14 	16 	26 	35
1704 	2004-09-15 	10 	17 	19 	36 	38
1703 	2004-09-11 	3 	8 	10 	18 	36
1702 	2004-09-08 	8 	11 	24 	25 	36
1701 	2004-09-04 	1 	9 	19 	26 	29
1700 	2004-09-01 	4 	8 	11 	23 	34
1699 	2004-08-28 	11 	24 	25 	33 	40
1698 	2004-08-25 	6 	8 	14 	30 	39
1697 	2004-08-21 	3 	11 	31 	34 	38
1696 	2004-08-18 	1 	7 	24 	30 	38
1695 	2004-08-14 	3 	9 	15 	17 	33
1694 	2004-08-11 	9 	11 	18 	35 	36
1693 	2004-08-07 	6 	7 	21 	29 	35
1692 	2004-08-04 	3 	16 	31 	35 	39
1691 	2004-07-31 	10 	14 	23 	24 	38
1690 	2004-07-28 	10 	12 	23 	30 	41
1689 	2004-07-24 	1 	6 	15 	18 	42
1688 	2004-07-21 	5 	20 	28 	29 	38
1687 	2004-07-17 	13 	17 	23 	24 	42
1686 	2004-07-14 	8 	12 	21 	26 	29
1685 	2004-07-10 	2 	10 	11 	37 	38
1684 	2004-07-07 	10 	11 	15 	30 	38
1683 	2004-07-03 	9 	15 	17 	18 	32
1682 	2004-06-30 	8 	28 	31 	38 	39
1681 	2004-06-26 	14 	15 	19 	28 	34
1680 	2004-06-23 	5 	15 	28 	34 	40
1679 	2004-06-19 	3 	13 	17 	20 	23
1678 	2004-06-16 	4 	9 	24 	31 	36
1677 	2004-06-12 	6 	15 	17 	41 	42
1676 	2004-06-09 	3 	6 	21 	29 	32
1675 	2004-06-05 	13 	16 	20 	24 	25
1674 	2004-06-02 	11 	17 	27 	28 	39
1673 	2004-05-29 	16 	20 	22 	24 	31
1672 	2004-05-26 	13 	17 	19 	31 	42
1671 	2004-05-22 	8 	26 	30 	31 	42
1670 	2004-05-19 	21 	25 	26 	28 	40
1669 	2004-05-15 	9 	11 	14 	20 	31
1668 	2004-05-12 	9 	15 	30 	31 	38
1667 	2004-05-08 	16 	18 	20 	29 	42
1666 	2004-05-05 	1 	3 	29 	30 	41
1665 	2004-05-01 	6 	10 	18 	27 	36
1664 	2004-04-28 	15 	32 	34 	40 	42
1663 	2004-04-24 	16 	17 	23 	36 	38
1662 	2004-04-21 	14 	29 	33 	38 	41
1661 	2004-04-17 	12 	13 	19 	26 	42
1660 	2004-04-14 	16 	21 	22 	28 	40
1659 	2004-04-10 	10 	13 	21 	22 	40
1658 	2004-04-07 	5 	7 	20 	35 	40
1657 	2004-04-03 	5 	14 	17 	30 	31
1656 	2004-03-31 	9 	13 	17 	29 	37
1655 	2004-03-27 	3 	7 	19 	27 	30
1654 	2004-03-24 	5 	11 	24 	33 	38
1653 	2004-03-20 	12 	19 	35 	37 	41
1652 	2004-03-17 	7 	8 	28 	29 	36
1651 	2004-03-13 	2 	13 	20 	25 	37
1650 	2004-03-10 	5 	6 	9 	18 	37
1649 	2004-03-06 	2 	3 	12 	32 	36
1648 	2004-03-03 	1 	9 	14 	36 	41
1647 	2004-02-28 	4 	7 	13 	17 	30
1646 	2004-02-25 	3 	7 	21 	23 	42
1645 	2004-02-21 	4 	15 	18 	21 	34
1644 	2004-02-18 	3 	10 	11 	37 	40
1643 	2004-02-14 	8 	11 	26 	31 	39
1642 	2004-02-11 	9 	13 	37 	38 	39
1641 	2004-02-07 	5 	11 	26 	40 	41
1640 	2004-02-04 	11 	20 	21 	22 	42
1639 	2004-01-31 	4 	10 	11 	18 	28
1638 	2004-01-28 	5 	7 	27 	29 	36
1637 	2004-01-24 	6 	7 	8 	20 	34
1636 	2004-01-21 	6 	8 	17 	18 	30
1635 	2004-01-17 	9 	12 	13 	14 	38
1634 	2004-01-14 	1 	3 	19 	24 	31
1633 	2004-01-10 	6 	13 	14 	27 	42
1632 	2004-01-07 	2 	3 	7 	15 	38
1631 	2004-01-03 	2 	9 	14 	18 	31
1630 	2003-12-31 	8 	11 	15 	26 	29
1629 	2003-12-27 	15 	18 	31 	32 	42
1628 	2003-12-24 	3 	9 	17 	31 	34
1627 	2003-12-20 	4 	8 	14 	32 	38
1626 	2003-12-17 	1 	6 	17 	30 	33
1625 	2003-12-13 	3 	10 	29 	32 	37
1624 	2003-12-10 	7 	11 	17 	20 	36
1623 	2003-12-06 	3 	4 	15 	23 	28
1622 	2003-12-03 	11 	16 	22 	32 	35
1621 	2003-11-29 	1 	5 	11 	15 	17
1620 	2003-11-26 	1 	26 	30 	35 	38
1619 	2003-11-22 	8 	11 	16 	30 	34
1618 	2003-11-19 	4 	28 	35 	37 	39
1617 	2003-11-15 	4 	5 	10 	11 	40
1616 	2003-11-12 	8 	13 	24 	25 	39
1615 	2003-11-08 	16 	17 	20 	27 	37
1614 	2003-11-05 	6 	10 	13 	29 	30
1613 	2003-11-01 	10 	21 	22 	30 	38
1612 	2003-10-29 	11 	20 	23 	27 	40
1611 	2003-10-25 	4 	9 	10 	21 	29
1610 	2003-10-22 	7 	14 	16 	28 	39
1609 	2003-10-18 	1 	6 	27 	29 	41
1608 	2003-10-15 	7 	11 	20 	31 	39
1607 	2003-10-11 	4 	5 	17 	23 	32
1606 	2003-10-08 	5 	16 	21 	26 	28
1605 	2003-10-04 	16 	18 	32 	34 	42
1604 	2003-10-01 	12 	16 	23 	38 	41
1603 	2003-09-27 	5 	8 	9 	19 	37
1602 	2003-09-24 	22 	26 	27 	28 	30
1601 	2003-09-20 	8 	16 	22 	26 	35
1600 	2003-09-17 	3 	6 	11 	26 	31
1599 	2003-09-13 	11 	16 	23 	33 	40
1598 	2003-09-10 	2 	10 	14 	16 	31
1597 	2003-09-06 	5 	14 	15 	28 	31
1596 	2003-09-03 	4 	7 	20 	32 	34
1595 	2003-08-30 	7 	27 	33 	37 	42
1594 	2003-08-27 	14 	16 	19 	25 	28
1593 	2003-08-23 	7 	13 	19 	26 	30
1592 	2003-08-20 	2 	30 	33 	38 	39
1591 	2003-08-16 	1 	8 	12 	32 	37
1590 	2003-08-13 	1 	10 	11 	15 	30
1589 	2003-08-09 	7 	12 	15 	23 	28
1588 	2003-08-06 	1 	7 	24 	39 	41
1587 	2003-08-02 	12 	16 	18 	19 	38
1586 	2003-07-30 	7 	15 	28 	35 	36
1585 	2003-07-26 	6 	12 	13 	18 	31
1584 	2003-07-23 	7 	8 	10 	12 	28
1583 	2003-07-19 	3 	8 	19 	27 	40
1582 	2003-07-16 	5 	7 	19 	26 	27
1581 	2003-07-12 	2 	7 	16 	19 	23
1580 	2003-07-09 	8 	16 	23 	36 	37
1579 	2003-07-05 	18 	20 	26 	37 	42
1578 	2003-07-02 	10 	18 	24 	25 	26
1577 	2003-06-28 	1 	15 	32 	34 	38
1576 	2003-06-25 	3 	17 	34 	37 	39
1575 	2003-06-21 	6 	13 	14 	40 	42
1574 	2003-06-18 	11 	14 	20 	24 	29
1573 	2003-06-14 	2 	29 	31 	32 	38
1572 	2003-06-11 	2 	9 	23 	31 	33
1571 	2003-06-07 	24 	32 	36 	39 	42
1570 	2003-06-04 	1 	2 	20 	37 	41
1569 	2003-05-31 	2 	3 	9 	24 	37
1568 	2003-05-28 	15 	23 	33 	37 	41
1567 	2003-05-24 	8 	13 	14 	24 	33
1566 	2003-05-21 	9 	14 	15 	37 	40
1565 	2003-05-17 	4 	16 	18 	22 	41
1564 	2003-05-14 	7 	11 	23 	28 	40
1563 	2003-05-10 	4 	8 	15 	18 	21
1562 	2003-05-07 	1 	4 	7 	11 	30
1561 	2003-05-03 	2 	4 	15 	25 	40
1560 	2003-04-30 	2 	20 	30 	34 	36
1559 	2003-04-26 	3 	14 	26 	37 	39
1558 	2003-04-23 	1 	8 	18 	30 	42
1557 	2003-04-19 	8 	14 	20 	29 	34
1556 	2003-04-16 	1 	6 	12 	19 	30
1555 	2003-04-12 	5 	14 	31 	34 	35
1554 	2003-04-09 	10 	27 	33 	38 	39
1553 	2003-04-05 	8 	24 	33 	34 	35
1552 	2003-04-02 	6 	10 	14 	27 	33
1551 	2003-03-29 	5 	7 	14 	31 	41
1550 	2003-03-26 	17 	27 	28 	34 	35
1549 	2003-03-22 	7 	12 	20 	23 	41
1548 	2003-03-19 	8 	13 	23 	30 	36
1547 	2003-03-15 	17 	21 	36 	40 	41
1546 	2003-03-12 	5 	6 	16 	31 	35
1545 	2003-03-08 	8 	9 	18 	29 	30
1544 	2003-03-05 	6 	18 	23 	39 	40
1543 	2003-03-01 	9 	17 	18 	29 	42
1542 	2003-02-26 	1 	16 	22 	38 	42
1541 	2003-02-22 	5 	15 	25 	34 	40
1540 	2003-02-19 	10 	26 	28 	36 	40
1539 	2003-02-15 	1 	20 	22 	23 	31
1538 	2003-02-12 	15 	19 	21 	28 	36
1537 	2003-02-08 	5 	7 	21 	27 	36
1536 	2003-02-05 	2 	11 	30 	37 	41
1535 	2003-02-01 	10 	36 	37 	39 	41
1534 	2003-01-29 	5 	7 	9 	10 	12
1533 	2003-01-25 	4 	7 	17 	20 	38
1532 	2003-01-22 	9 	26 	34 	36 	42
1531 	2003-01-18 	1 	2 	6 	12 	32
1530 	2003-01-15 	2 	3 	7 	8 	18
1529 	2003-01-11 	11 	17 	28 	29 	40
1528 	2003-01-08 	1 	15 	26 	27 	34
1527 	2003-01-04 	2 	16 	22 	34 	41
1526 	2003-01-01 	4 	9 	17 	20 	33
1525 	2002-12-28 	3 	7 	18 	25 	32
1524 	2002-12-25 	5 	13 	19 	21 	41
1523 	2002-12-21 	2 	5 	8 	21 	35
1522 	2002-12-18 	2 	3 	28 	30 	34
1521 	2002-12-14 	19 	22 	28 	29 	30
1520 	2002-12-11 	5 	17 	27 	30 	40
1519 	2002-12-07 	2 	15 	26 	27 	39
1518 	2002-12-04 	15 	21 	23 	25 	35
1517 	2002-11-30 	7 	9 	20 	37 	41
1516 	2002-11-27 	13 	15 	26 	28 	35
1515 	2002-11-23 	3 	15 	21 	29 	31
1514 	2002-11-20 	3 	7 	9 	34 	41
1513 	2002-11-16 	11 	17 	26 	31 	37
1512 	2002-11-13 	12 	34 	36 	40 	42
1511 	2002-11-09 	13 	28 	32 	39 	40
1510 	2002-11-06 	5 	14 	17 	28 	42
1509 	2002-11-02 	2 	3 	17 	18 	38
1508 	2002-10-30 	6 	13 	21 	24 	25
1507 	2002-10-26 	7 	13 	22 	34 	35
1506 	2002-10-23 	6 	18 	24 	27 	33
1505 	2002-10-19 	5 	7 	9 	17 	19
1504 	2002-10-16 	4 	16 	17 	23 	39
1503 	2002-10-12 	1 	8 	15 	16 	21
1502 	2002-10-09 	1 	3 	16 	28 	32
1501 	2002-10-05 	2 	14 	24 	27 	38
1500 	2002-10-02 	9 	22 	30 	31 	36
1499 	2002-09-28 	1 	7 	14 	17 	26
1498 	2002-09-25 	7 	13 	22 	25 	32
1497 	2002-09-21 	6 	19 	23 	27 	35
1496 	2002-09-18 	11 	15 	20 	23 	42
1495 	2002-09-14 	2 	11 	24 	25 	35
1494 	2002-09-11 	7 	12 	19 	22 	41
1493 	2002-09-07 	7 	13 	18 	21 	26
1492 	2002-09-04 	8 	9 	27 	30 	31
1491 	2002-08-31 	9 	17 	31 	35 	39
1490 	2002-08-28 	10 	13 	35 	38 	41
1489 	2002-08-24 	7 	9 	14 	25 	36
1488 	2002-08-21 	3 	6 	23 	24 	35
1487 	2002-08-17 	1 	4 	13 	16 	39
1486 	2002-08-14 	19 	28 	29 	40 	41
1485 	2002-08-10 	4 	14 	36 	40 	41
1484 	2002-08-07 	14 	16 	25 	31 	37
1483 	2002-08-03 	2 	4 	6 	25 	41
1482 	2002-07-31 	2 	5 	7 	14 	25
1481 	2002-07-27 	3 	4 	5 	22 	36
1480 	2002-07-24 	8 	13 	15 	31 	40
1479 	2002-07-20 	6 	22 	29 	40 	41
1478 	2002-07-17 	8 	12 	16 	19 	20
1477 	2002-07-13 	12 	16 	27 	28 	30
1476 	2002-07-10 	1 	8 	23 	29 	42
1475 	2002-07-06 	6 	15 	27 	28 	40
1474 	2002-07-03 	4 	14 	33 	39 	40
1473 	2002-06-29 	6 	13 	24 	36 	41
1472 	2002-06-26 	6 	7 	10 	18 	23
1471 	2002-06-22 	7 	11 	15 	16 	17
1470 	2002-06-19 	8 	11 	12 	21 	26
1469 	2002-06-15 	9 	13 	14 	18 	37
1468 	2002-06-12 	11 	17 	19 	34 	40
1467 	2002-06-08 	3 	20 	24 	25 	41
1466 	2002-06-05 	11 	22 	24 	28 	38
1465 	2002-06-01 	25 	26 	28 	29 	36
1464 	2002-05-29 	6 	7 	14 	27 	40
1463 	2002-05-25 	6 	17 	22 	32 	38
1462 	2002-05-22 	2 	4 	5 	14 	21
1461 	2002-05-18 	2 	3 	22 	24 	40
1460 	2002-05-15 	5 	22 	27 	34 	36
1459 	2002-05-11 	22 	23 	24 	26 	31
1458 	2002-05-08 	3 	4 	6 	15 	34
1457 	2002-05-04 	9 	13 	19 	28 	31
1456 	2002-05-01 	1 	16 	29 	37 	41
1455 	2002-04-27 	7 	17 	21 	30 	35
1454 	2002-04-24 	2 	20 	28 	39 	41
1453 	2002-04-20 	11 	25 	31 	35 	38
1452 	2002-04-17 	9 	10 	12 	34 	40
1451 	2002-04-13 	1 	3 	19 	20 	31
1450 	2002-04-10 	4 	5 	31 	39 	41
1449 	2002-04-06 	3 	7 	14 	20 	31
1448 	2002-04-03 	16 	24 	27 	37 	39
1447 	2002-03-30 	7 	11 	13 	31 	39
1446 	2002-03-27 	4 	9 	10 	24 	36
1445 	2002-03-23 	1 	7 	32 	35 	38
1444 	2002-03-20 	6 	14 	19 	38 	40
1443 	2002-03-16 	2 	3 	6 	33 	40
1442 	2002-03-13 	12 	17 	24 	37 	42
1441 	2002-03-09 	20 	23 	33 	39 	40
1440 	2002-03-06 	3 	5 	10 	12 	29
1439 	2002-03-02 	13 	15 	33 	34 	42
1438 	2002-02-27 	20 	27 	29 	32 	36
1437 	2002-02-23 	5 	7 	9 	32 	40
1436 	2002-02-20 	16 	23 	27 	29 	41
1435 	2002-02-16 	18 	20 	31 	33 	37
1434 	2002-02-13 	1 	5 	23 	27 	30
1433 	2002-02-09 	2 	17 	18 	23 	37
1432 	2002-02-06 	4 	9 	14 	21 	37
1431 	2002-02-02 	2 	6 	19 	39 	42
1430 	2002-01-30 	3 	5 	19 	25 	42
1429 	2002-01-26 	2 	22 	29 	35 	38
1428 	2002-01-23 	9 	10 	18 	31 	35
1427 	2002-01-19 	2 	30 	32 	33 	38
1426 	2002-01-16 	21 	22 	35 	36 	42
1425 	2002-01-12 	17 	20 	21 	27 	40
1424 	2002-01-09 	5 	11 	16 	17 	36
1423 	2002-01-05 	4 	13 	15 	26 	40
1422 	2002-01-02 	6 	8 	15 	33 	40
1421 	2001-12-29 	6 	9 	13 	20 	29
1420 	2001-12-26 	13 	17 	19 	22 	23
1419 	2001-12-22 	2 	18 	21 	24 	26
1418 	2001-12-19 	4 	21 	34 	35 	39
1417 	2001-12-15 	10 	17 	22 	27 	40
1416 	2001-12-12 	5 	9 	14 	23 	37
1415 	2001-12-08 	7 	18 	29 	33 	40
1414 	2001-12-05 	3 	5 	12 	22 	31
1413 	2001-12-01 	4 	13 	14 	19 	25
1412 	2001-11-28 	16 	17 	26 	27 	42
1411 	2001-11-24 	7 	28 	34 	36 	38
1410 	2001-11-21 	8 	14 	33 	34 	42
1409 	2001-11-17 	10 	23 	25 	33 	42
1408 	2001-11-14 	2 	5 	31 	38 	42
1407 	2001-11-10 	4 	14 	27 	28 	36
1406 	2001-11-07 	5 	10 	24 	27 	42
1405 	2001-11-03 	4 	16 	20 	31 	38
1404 	2001-10-31 	18 	26 	33 	34 	40
1403 	2001-10-27 	3 	11 	21 	22 	24
1402 	2001-10-24 	6 	8 	12 	15 	23
1401 	2001-10-20 	1 	23 	36 	37 	42
1400 	2001-10-17 	7 	15 	17 	39 	42
1399 	2001-10-13 	1 	8 	10 	19 	23
1398 	2001-10-10 	2 	5 	11 	12 	40
1397 	2001-10-06 	1 	8 	16 	29 	33
1396 	2001-10-03 	6 	12 	20 	29 	37
1395 	2001-09-29 	6 	13 	21 	23 	34
1394 	2001-09-26 	1 	6 	26 	30 	32
1393 	2001-09-22 	13 	17 	27 	31 	39
1392 	2001-09-19 	2 	5 	8 	32 	39
1391 	2001-09-15 	13 	20 	28 	30 	40
1390 	2001-09-12 	2 	7 	10 	24 	34
1389 	2001-09-08 	1 	23 	26 	28 	39
1388 	2001-09-05 	2 	3 	4 	16 	36
1387 	2001-09-01 	2 	9 	11 	21 	24
1386 	2001-08-29 	4 	28 	29 	36 	42
1385 	2001-08-25 	8 	14 	28 	34 	38
1384 	2001-08-22 	10 	23 	29 	37 	39
1383 	2001-08-18 	10 	22 	34 	38 	39
1382 	2001-08-15 	17 	19 	20 	21 	42
1381 	2001-08-11 	8 	31 	36 	38 	42
1380 	2001-08-08 	2 	16 	28 	30 	36
1379 	2001-08-04 	2 	5 	10 	11 	18
1378 	2001-08-01 	2 	3 	11 	19 	34
1377 	2001-07-28 	8 	33 	38 	39 	42
1376 	2001-07-25 	7 	10 	19 	22 	29
1375 	2001-07-21 	11 	13 	14 	35 	41
1374 	2001-07-18 	9 	28 	29 	30 	37
1373 	2001-07-14 	2 	6 	24 	31 	37
1372 	2001-07-11 	8 	11 	26 	34 	39
1371 	2001-07-07 	1 	17 	27 	31 	42
1370 	2001-07-04 	2 	3 	8 	28 	42
1369 	2001-06-30 	6 	11 	18 	30 	42
1368 	2001-06-27 	30 	32 	35 	36 	39
1367 	2001-06-23 	24 	26 	31 	32 	36
1366 	2001-06-20 	3 	8 	15 	20 	31
1365 	2001-06-16 	8 	14 	37 	39 	42
1364 	2001-06-13 	6 	19 	34 	39 	40
1363 	2001-06-09 	1 	2 	16 	29 	35
1362 	2001-06-06 	6 	10 	11 	34 	36
1361 	2001-06-02 	12 	14 	16 	30 	33
1360 	2001-05-30 	7 	12 	15 	21 	28
1359 	2001-05-26 	9 	16 	17 	24 	29
1358 	2001-05-23 	2 	7 	11 	36 	42
1357 	2001-05-19 	4 	7 	8 	10 	23
1356 	2001-05-16 	1 	2 	21 	27 	28
1355 	2001-05-12 	10 	21 	33 	37 	42
1354 	2001-05-09 	1 	4 	25 	26 	37
1353 	2001-05-05 	11 	21 	25 	30 	33
1352 	2001-05-02 	1 	10 	20 	26 	27
1351 	2001-04-28 	6 	16 	23 	39 	41
1350 	2001-04-25 	17 	24 	25 	27 	42
1349 	2001-04-21 	1 	5 	10 	17 	21
1348 	2001-04-18 	3 	21 	26 	30 	31
1347 	2001-04-14 	5 	19 	21 	37 	38
1346 	2001-04-11 	6 	24 	32 	35 	41
1345 	2001-04-07 	2 	12 	17 	23 	33
1344 	2001-04-04 	2 	5 	10 	24 	42
1343 	2001-03-31 	12 	18 	29 	30 	39
1342 	2001-03-28 	2 	10 	13 	20 	21
1341 	2001-03-24 	2 	3 	17 	29 	31
1340 	2001-03-21 	11 	13 	22 	23 	34
1339 	2001-03-17 	9 	16 	31 	36 	38
1338 	2001-03-14 	1 	10 	11 	28 	29
1337 	2001-03-10 	9 	22 	26 	30 	40
1336 	2001-03-07 	16 	18 	24 	28 	42
1335 	2001-03-03 	13 	18 	19 	27 	40
1334 	2001-02-28 	1 	4 	13 	15 	28
1333 	2001-02-24 	7 	8 	33 	39 	40
1332 	2001-02-21 	13 	18 	24 	31 	40
1331 	2001-02-17 	1 	8 	25 	27 	30
1330 	2001-02-14 	3 	7 	23 	24 	30
1329 	2001-02-10 	11 	12 	13 	34 	38
1328 	2001-02-07 	1 	7 	12 	24 	30
1327 	2001-02-03 	16 	18 	19 	20 	23
1326 	2001-01-31 	1 	9 	12 	18 	38
1325 	2001-01-27 	2 	9 	12 	30 	40
1324 	2001-01-24 	3 	9 	15 	19 	34
1323 	2001-01-20 	10 	24 	30 	34 	41
1322 	2001-01-17 	9 	10 	18 	20 	24
1321 	2001-01-13 	11 	15 	22 	34 	41
1320 	2001-01-10 	5 	22 	28 	30 	38
1319 	2001-01-06 	3 	9 	23 	29 	41
1318 	2001-01-03 	5 	8 	20 	25 	40
1317 	2000-12-30 	16 	21 	24 	37 	38
1316 	2000-12-27 	6 	7 	20 	36 	41
1315 	2000-12-23 	4 	6 	13 	14 	34
1314 	2000-12-20 	1 	20 	28 	35 	39
1313 	2000-12-16 	5 	18 	21 	29 	36
1312 	2000-12-13 	6 	24 	25 	40 	42
1311 	2000-12-09 	2 	7 	15 	29 	33
1310 	2000-12-06 	6 	12 	18 	27 	33
1309 	2000-12-02 	7 	10 	11 	17 	22
1308 	2000-11-29 	19 	22 	26 	28 	40
1307 	2000-11-25 	4 	5 	12 	14 	40
1306 	2000-11-22 	4 	8 	29 	31 	32
1305 	2000-11-18 	3 	26 	27 	28 	34
1304 	2000-11-15 	9 	21 	27 	36 	41
1303 	2000-11-11 	5 	13 	38 	39 	41
1302 	2000-11-08 	14 	23 	31 	35 	39
1301 	2000-11-04 	7 	10 	15 	27 	30
1300 	2000-11-01 	7 	11 	14 	25 	35
1299 	2000-10-28 	11 	13 	17 	21 	28
1298 	2000-10-25 	19 	23 	25 	36 	38
1297 	2000-10-21 	10 	33 	37 	38 	41
1296 	2000-10-18 	2 	21 	26 	30 	33
1295 	2000-10-14 	5 	19 	31 	32 	33
1294 	2000-10-11 	7 	19 	23 	27 	36
1293 	2000-10-07 	7 	15 	16 	22 	30
1292 	2000-10-04 	5 	6 	17 	29 	33
1291 	2000-09-30 	8 	21 	36 	41 	42
1290 	2000-09-27 	17 	18 	30 	32 	34
1289 	2000-09-23 	4 	17 	23 	29 	41
1288 	2000-09-20 	24 	29 	33 	34 	41
1287 	2000-09-16 	4 	14 	17 	25 	35
1286 	2000-09-13 	8 	15 	21 	35 	39
1285 	2000-09-09 	18 	29 	30 	31 	33
1284 	2000-09-06 	2 	8 	14 	16 	29
1283 	2000-09-02 	6 	15 	17 	23 	36
1282 	2000-08-30 	2 	8 	19 	34 	42
1281 	2000-08-26 	15 	31 	33 	39 	41
1280 	1998-01-17 	6 	18 	28 	36 	39
1279 	1998-01-14 	11 	17 	19 	21 	39
1278 	1998-01-10 	5 	22 	29 	38 	40
1277 	1998-01-07 	11 	20 	27 	28 	33
1276 	1998-01-03 	5 	10 	13 	16 	31
1275 	1997-12-31 	13 	18 	35 	39 	41
1274 	1997-12-27 	2 	9 	17 	22 	40
1273 	1997-12-24 	6 	22 	29 	30 	31
1272 	1997-12-20 	1 	12 	16 	25 	37
1271 	1997-12-17 	3 	6 	10 	35 	38
1270 	1997-12-13 	1 	7 	8 	9 	18
1269 	1997-12-10 	4 	5 	13 	15 	18
1268 	1997-12-06 	4 	5 	8 	18 	35
1267 	1997-12-03 	2 	10 	11 	18 	19
1266 	1997-11-29 	7 	15 	18 	25 	33
1265 	1997-11-26 	10 	25 	28 	31 	40
1264 	1997-11-22 	7 	19 	25 	37 	39
1263 	1997-11-19 	3 	8 	15 	21 	24
1262 	1997-11-15 	4 	7 	11 	27 	34
1261 	1997-11-12 	1 	13 	24 	28 	29
1260 	1997-11-08 	3 	5 	6 	7 	20
1259 	1997-11-05 	3 	8 	32 	34 	42
1258 	1997-11-01 	10 	17 	21 	28 	33
1257 	1997-10-29 	1 	8 	18 	25 	30
1256 	1997-10-25 	9 	10 	11 	24 	39
1255 	1997-10-22 	2 	12 	14 	19 	28
1254 	1997-10-18 	6 	7 	10 	16 	41
1253 	1997-10-15 	2 	16 	22 	24 	41
1252 	1997-10-11 	25 	26 	36 	40 	42
1251 	1997-10-08 	11 	13 	24 	25 	35
1250 	1997-10-04 	1 	9 	16 	24 	30
1249 	1997-10-01 	14 	16 	32 	34 	36
1248 	1997-09-27 	12 	22 	28 	34 	41
1247 	1997-09-24 	9 	10 	15 	34 	39
1246 	1997-09-20 	1 	8 	29 	37 	42
1245 	1997-09-17 	1 	2 	5 	6 	23
1244 	1997-09-13 	7 	11 	26 	32 	35
1243 	1997-09-10 	10 	14 	21 	26 	36
1242 	1997-09-06 	6 	9 	21 	23 	39
1241 	1997-09-03 	4 	8 	21 	23 	35
1240 	1997-08-30 	15 	18 	19 	27 	33
1239 	1997-08-27 	1 	5 	7 	17 	32
1238 	1997-08-23 	5 	9 	19 	22 	23
1237 	1997-08-20 	4 	7 	15 	21 	30
1236 	1997-08-16 	7 	9 	25 	28 	35
1235 	1997-08-13 	10 	14 	20 	33 	41
1234 	1997-08-09 	1 	16 	23 	28 	40
1233 	1997-08-06 	6 	26 	30 	36 	39
1232 	1997-08-02 	14 	22 	27 	32 	35
1231 	1997-07-30 	10 	17 	20 	25 	40
1230 	1997-07-26 	1 	3 	22 	29 	42
1229 	1997-07-23 	15 	21 	30 	34 	38
1228 	1997-07-19 	8 	13 	20 	26 	37
1227 	1997-07-16 	5 	24 	25 	30 	39
1226 	1997-07-12 	5 	17 	23 	29 	37
1225 	1997-07-09 	1 	2 	7 	10 	32
1224 	1997-07-05 	4 	15 	16 	22 	30
1223 	1997-07-02 	14 	27 	35 	39 	42
1222 	1997-06-28 	5 	9 	15 	16 	33
1221 	1997-06-25 	6 	7 	8 	21 	41
1220 	1997-06-21 	1 	2 	14 	25 	35
1219 	1997-06-18 	5 	8 	20 	22 	40
1218 	1997-06-14 	1 	13 	18 	26 	41
1217 	1997-06-11 	5 	26 	28 	30 	37
1216 	1997-06-07 	1 	25 	32 	37 	39
1215 	1997-06-04 	2 	11 	22 	28 	29
1214 	1997-05-31 	14 	21 	30 	37 	42
1213 	1997-05-28 	5 	10 	14 	19 	26
1212 	1997-05-24 	11 	14 	20 	23 	34
1211 	1997-05-21 	5 	23 	25 	33 	39
1210 	1997-05-17 	14 	23 	26 	33 	40
1209 	1997-05-14 	9 	26 	30 	35 	42
1208 	1997-05-10 	13 	15 	22 	29 	30
1207 	1997-05-07 	3 	23 	30 	36 	40
1206 	1997-05-03 	29 	30 	34 	36 	41
1205 	1997-04-30 	1 	22 	23 	38 	39
1204 	1997-04-26 	2 	7 	18 	26 	28
1203 	1997-04-23 	21 	27 	30 	39 	40
1202 	1997-04-19 	6 	8 	9 	11 	15
1201 	1997-04-16 	15 	16 	22 	26 	30
1200 	1997-04-12 	2 	3 	11 	29 	40
1199 	1997-04-09 	6 	8 	25 	32 	38
1198 	1997-04-05 	22 	23 	29 	38 	42
1197 	1997-04-02 	1 	9 	15 	22 	34
1196 	1997-03-29 	9 	14 	27 	40 	41
1195 	1997-03-26 	14 	17 	18 	25 	29
1194 	1997-03-22 	4 	7 	17 	23 	26
1193 	1997-03-19 	1 	3 	4 	24 	29
1192 	1997-03-15 	4 	12 	13 	29 	36
1191 	1997-03-12 	4 	7 	25 	31 	39
1190 	1997-03-08 	1 	4 	19 	26 	30
1189 	1997-03-05 	6 	11 	22 	38 	42
1188 	1997-03-01 	5 	15 	27 	30 	31
1187 	1997-02-26 	11 	17 	26 	31 	39
1186 	1997-02-22 	4 	14 	18 	19 	21
1185 	1997-02-19 	20 	26 	31 	32 	35
1184 	1997-02-15 	3 	15 	23 	31 	35
1183 	1997-02-12 	7 	8 	11 	18 	39
1182 	1997-02-08 	24 	26 	28 	31 	42
1181 	1997-02-05 	2 	14 	17 	34 	41
1180 	1997-02-01 	4 	21 	35 	36 	38
1179 	1997-01-29 	3 	17 	25 	26 	29
1178 	1997-01-25 	2 	9 	17 	26 	29
1177 	1997-01-22 	3 	12 	16 	21 	38
1176 	1997-01-18 	9 	20 	22 	31 	41
1175 	1997-01-15 	1 	5 	15 	30 	37
1174 	1997-01-11 	6 	33 	37 	38 	40
1173 	1997-01-08 	2 	7 	8 	13 	14
1172 	1997-01-04 	7 	8 	27 	39 	42
1171 	1997-01-01 	5 	15 	30 	34 	39
1170 	1996-12-28 	14 	19 	23 	30 	40
1169 	1996-12-25 	1 	11 	15 	19 	28
1168 	1996-12-21 	5 	22 	30 	31 	34
1167 	1996-12-18 	20 	22 	24 	26 	29
1166 	1996-12-14 	7 	14 	22 	40 	41
1165 	1996-12-11 	1 	9 	11 	22 	33
1164 	1996-12-07 	8 	14 	15 	28 	39
1163 	1996-12-04 	9 	18 	23 	27 	33
1162 	1996-11-30 	3 	6 	7 	34 	38
1161 	1996-11-27 	14 	15 	17 	29 	38
1160 	1996-11-23 	6 	17 	28 	35 	38
1159 	1996-11-20 	1 	6 	18 	23 	39
1158 	1996-11-16 	21 	26 	30 	34 	39
1157 	1996-11-13 	8 	18 	28 	35 	37
1156 	1996-11-09 	7 	19 	20 	21 	38
1155 	1996-11-06 	7 	8 	17 	27 	35
1154 	1996-11-02 	13 	16 	24 	35 	37
1153 	1996-10-30 	3 	7 	20 	22 	36
1152 	1996-10-26 	8 	16 	26 	28 	32
1151 	1996-10-23 	15 	22 	32 	34 	36
1150 	1996-10-19 	6 	15 	18 	21 	30
1149 	1996-10-16 	3 	4 	18 	36 	42
1148 	1996-10-12 	2 	3 	4 	14 	32
1147 	1996-10-09 	15 	22 	30 	32 	33
1146 	1996-10-05 	2 	6 	12 	33 	37
1145 	1996-10-02 	1 	21 	24 	30 	38
1144 	1996-09-28 	1 	28 	31 	33 	37
1143 	1996-09-25 	2 	6 	7 	22 	24
1142 	1996-09-21 	2 	6 	14 	22 	32
1141 	1996-09-18 	12 	13 	15 	29 	40
1140 	1996-09-14 	4 	8 	17 	18 	31
1139 	1996-09-11 	6 	21 	22 	27 	41
1138 	1996-09-07 	8 	16 	18 	19 	38
1137 	1996-09-04 	12 	22 	29 	31 	40
1136 	1996-08-31 	15 	20 	22 	36 	37
1135 	1996-08-28 	25 	29 	30 	32 	34
1134 	1996-08-24 	7 	26 	36 	37 	42
1133 	1996-08-21 	2 	22 	27 	30 	33
1132 	1996-08-17 	27 	28 	29 	39 	41
1131 	1996-08-14 	5 	17 	26 	27 	37
1130 	1996-08-10 	3 	6 	9 	40 	41
1129 	1996-08-07 	2 	9 	13 	38 	39
1128 	1996-08-03 	6 	11 	21 	25 	39
1127 	1996-07-31 	10 	13 	27 	36 	39
1126 	1996-07-27 	9 	15 	16 	28 	36
1125 	1996-07-24 	13 	14 	19 	30 	41
1124 	1996-07-20 	3 	11 	21 	29 	34
1123 	1996-07-17 	10 	16 	21 	25 	32
1122 	1996-07-13 	9 	15 	22 	23 	33
1121 	1996-07-10 	1 	21 	25 	32 	36
1120 	1996-07-06 	20 	27 	35 	37 	41
1119 	1996-07-03 	6 	19 	21 	33 	41
1118 	1996-06-29 	3 	9 	15 	21 	30
1117 	1996-06-26 	20 	21 	22 	25 	28
1116 	1996-06-22 	10 	21 	22 	23 	36
1115 	1996-06-19 	6 	8 	26 	29 	37
1114 	1996-06-15 	11 	18 	22 	30 	38
1113 	1996-06-12 	7 	25 	30 	32 	36
1112 	1996-06-08 	7 	10 	31 	32 	36
1111 	1996-06-05 	1 	29 	33 	34 	39
1110 	1996-06-01 	2 	5 	15 	17 	38
1109 	1996-05-29 	12 	16 	27 	33 	34
1108 	1996-05-25 	9 	10 	28 	31 	37
1107 	1996-05-22 	6 	17 	23 	29 	37
1106 	1996-05-18 	2 	11 	14 	36 	42
1105 	1996-05-15 	4 	5 	10 	11 	30
1104 	1996-05-11 	13 	21 	29 	32 	38
1103 	1996-05-08 	5 	8 	10 	14 	41
1102 	1996-05-04 	12 	15 	22 	25 	34
1101 	1996-05-01 	4 	19 	21 	31 	37
1100 	1996-04-27 	20 	29 	35 	37 	38
1099 	1996-04-24 	12 	30 	31 	37 	39
1098 	1996-04-20 	8 	10 	17 	18 	33
1097 	1996-04-17 	3 	13 	17 	35 	39
1096 	1996-04-13 	10 	19 	30 	34 	38
1095 	1996-04-10 	5 	10 	16 	23 	28
1094 	1996-04-06 	7 	11 	21 	23 	24
1093 	1996-04-03 	4 	16 	22 	23 	25
1092 	1996-03-30 	4 	11 	19 	28 	42
1091 	1996-03-27 	1 	18 	30 	32 	37
1090 	1996-03-23 	1 	5 	10 	24 	29
1089 	1996-03-20 	7 	9 	12 	24 	37
1088 	1996-03-16 	7 	10 	20 	24 	35
1087 	1996-03-13 	2 	5 	16 	35 	42
1086 	1996-03-09 	1 	7 	8 	10 	23
1085 	1996-03-06 	10 	11 	23 	24 	42
1084 	1996-03-02 	17 	19 	29 	36 	40
1083 	1996-02-28 	9 	10 	17 	18 	37
1082 	1996-02-24 	2 	21 	25 	30 	31
1081 	1996-02-21 	11 	13 	31 	39 	41
1080 	1996-02-17 	8 	18 	21 	33 	36
1079 	1996-02-14 	3 	9 	11 	22 	39
1078 	1996-02-10 	7 	9 	21 	26 	34
1077 	1996-02-07 	1 	5 	13 	37 	39
1076 	1996-02-03 	12 	23 	31 	34 	39
1075 	1996-01-31 	4 	5 	20 	27 	41
1074 	1996-01-27 	16 	17 	20 	27 	29
1073 	1996-01-24 	4 	16 	20 	29 	38
1072 	1996-01-20 	4 	18 	25 	30 	41
1071 	1996-01-17 	5 	12 	29 	31 	35
1070 	1996-01-13 	9 	11 	17 	30 	33
1069 	1996-01-10 	11 	19 	26 	34 	36
1068 	1996-01-06 	3 	15 	17 	23 	28
1067 	1996-01-03 	4 	23 	26 	27 	38
1066 	1995-12-30 	7 	11 	18 	23 	25
1065 	1995-12-27 	4 	12 	18 	20 	38
1064 	1995-12-23 	3 	7 	13 	33 	39
1063 	1995-12-20 	20 	22 	24 	26 	37
1062 	1995-12-16 	4 	9 	16 	22 	29
1061 	1995-12-13 	21 	22 	23 	28 	39
1060 	1995-12-09 	4 	7 	16 	25 	42
1059 	1995-12-06 	7 	18 	24 	33 	35
1058 	1995-12-02 	8 	13 	18 	19 	32
1057 	1995-11-29 	5 	16 	18 	22 	30
1056 	1995-11-25 	13 	16 	22 	32 	42
1055 	1995-11-22 	4 	9 	22 	26 	39
1054 	1995-11-18 	8 	14 	17 	35 	42
1053 	1995-11-15 	1 	8 	14 	16 	40
1052 	1995-11-11 	12 	15 	19 	32 	39
1051 	1995-11-08 	1 	8 	13 	21 	33
1050 	1995-11-04 	15 	18 	21 	37 	40
1049 	1995-11-01 	2 	4 	18 	26 	39
1048 	1995-10-28 	5 	17 	27 	36 	38
1047 	1995-10-25 	1 	4 	16 	21 	39
1046 	1995-10-21 	9 	20 	31 	38 	41
1045 	1995-10-18 	7 	13 	20 	26 	34
1044 	1995-10-14 	4 	8 	10 	33 	39
1043 	1995-10-11 	3 	16 	18 	25 	40
1042 	1995-10-07 	7 	13 	23 	25 	41
1041 	1995-10-04 	6 	13 	20 	33 	38
1040 	1995-09-30 	5 	7 	11 	12 	37
1039 	1995-09-27 	17 	25 	38 	41 	42
1038 	1995-09-23 	2 	4 	5 	11 	40
1037 	1995-09-20 	13 	17 	24 	33 	35
1036 	1995-09-16 	3 	9 	29 	30 	37
1035 	1995-09-13 	11 	18 	19 	30 	35
1034 	1995-09-09 	6 	14 	15 	19 	30
1033 	1995-09-06 	20 	26 	28 	29 	41
1032 	1995-09-02 	3 	20 	23 	28 	33
1031 	1995-08-30 	5 	6 	23 	34 	39
1030 	1995-08-26 	24 	36 	38 	39 	41
1029 	1995-08-23 	18 	26 	27 	30 	36
1028 	1995-08-19 	1 	7 	22 	24 	34
1027 	1995-08-16 	13 	22 	27 	37 	40
1026 	1995-08-12 	13 	18 	37 	40 	42
1025 	1995-08-09 	4 	9 	17 	32 	35
1024 	1995-08-05 	3 	15 	21 	27 	41
1023 	1995-08-02 	9 	12 	18 	31 	33
1022 	1995-07-29 	13 	24 	25 	33 	40
1021 	1995-07-26 	3 	10 	22 	32 	40
1020 	1995-07-22 	4 	8 	11 	14 	42
1019 	1995-07-19 	5 	6 	17 	38 	39
1018 	1995-07-15 	8 	14 	16 	17 	29
1017 	1995-07-12 	8 	21 	25 	35 	37
1016 	1995-07-08 	10 	21 	39 	40 	42
1015 	1995-07-05 	6 	9 	12 	27 	37
1014 	1995-07-01 	9 	16 	17 	31 	37
1013 	1995-06-28 	5 	10 	11 	22 	42
1012 	1995-06-24 	15 	20 	21 	27 	35
1011 	1995-06-21 	3 	18 	26 	32 	40
1010 	1995-06-17 	2 	8 	21 	27 	29
1009 	1995-06-14 	9 	29 	32 	33 	34
1008 	1995-06-10 	17 	22 	24 	35 	41
1007 	1995-06-07 	3 	8 	12 	29 	32
1006 	1995-06-03 	1 	6 	17 	21 	29
1005 	1995-05-31 	4 	16 	21 	23 	26
1004 	1995-05-27 	2 	18 	22 	27 	30
1003 	1995-05-24 	11 	16 	19 	34 	42
1002 	1995-05-20 	3 	11 	13 	22 	27
1001 	1995-05-17 	17 	26 	34 	39 	40
1000 	1995-05-13 	17 	21 	30 	39 	41
999 	1995-05-10 	5 	19 	23 	29 	37
998 	1995-05-06 	14 	17 	19 	31 	32
997 	1995-05-03 	20 	24 	34 	41 	42
996 	1995-04-29 	9 	26 	29 	34 	42
995 	1995-04-26 	1 	19 	22 	29 	42
994 	1995-04-22 	7 	12 	14 	23 	34
993 	1995-04-19 	7 	11 	20 	26 	32
992 	1995-04-15 	11 	14 	15 	20 	36
991 	1995-04-12 	4 	7 	25 	30 	39
990 	1995-04-08 	3 	14 	26 	28 	31
989 	1995-04-05 	4 	12 	26 	33 	42
988 	1995-04-01 	3 	8 	23 	32 	34
987 	1995-03-29 	4 	20 	24 	34 	41
986 	1995-03-25 	2 	24 	31 	32 	40
985 	1995-03-22 	1 	3 	10 	13 	35
984 	1995-03-18 	5 	14 	23 	31 	35
983 	1995-03-15 	7 	12 	14 	15 	42
982 	1995-03-11 	7 	11 	13 	18 	36
981 	1995-03-08 	1 	19 	20 	31 	33
980 	1995-03-04 	8 	11 	16 	25 	28
979 	1995-03-01 	4 	9 	21 	35 	41
978 	1995-02-25 	10 	13 	27 	28 	33
977 	1995-02-22 	6 	7 	23 	27 	28
976 	1995-02-18 	1 	12 	22 	35 	36
975 	1995-02-15 	4 	6 	16 	30 	39
974 	1995-02-11 	6 	11 	17 	34 	38
973 	1995-02-08 	2 	3 	17 	20 	41
972 	1995-02-04 	2 	4 	17 	35 	37
971 	1995-02-01 	4 	7 	27 	38 	41
970 	1995-01-28 	5 	7 	20 	29 	37
969 	1995-01-25 	4 	13 	14 	31 	41
968 	1995-01-21 	5 	11 	17 	21 	38
967 	1995-01-18 	15 	19 	30 	31 	32
966 	1995-01-14 	7 	9 	15 	28 	33
965 	1995-01-11 	5 	11 	20 	22 	36
964 	1995-01-07 	1 	4 	22 	35 	41
963 	1995-01-04 	1 	8 	22 	34 	40
962 	1994-12-28 	5 	22 	26 	28 	42
961 	1994-12-21 	25 	29 	31 	32 	34
960 	1994-12-14 	6 	17 	25 	38 	41
959 	1994-12-07 	7 	8 	10 	17 	22
958 	1994-11-30 	2 	6 	13 	23 	42
957 	1994-11-23 	3 	17 	25 	28 	40
956 	1994-11-16 	9 	15 	16 	24 	28
955 	1994-11-09 	2 	9 	28 	29 	36
954 	1994-11-02 	7 	11 	20 	21 	32
953 	1994-10-26 	17 	27 	31 	35 	41
952 	1994-10-19 	2 	5 	6 	10 	41
951 	1994-10-12 	3 	23 	31 	37 	38
950 	1994-10-05 	2 	5 	15 	33 	36
949 	1994-09-28 	16 	19 	20 	23 	37
948 	1994-09-21 	17 	19 	20 	30 	31
947 	1994-09-14 	7 	18 	29 	32 	35
946 	1994-09-07 	4 	15 	17 	36 	37
945 	1994-08-31 	2 	16 	23 	30 	37
944 	1994-08-24 	17 	21 	23 	27 	30
943 	1994-08-17 	8 	21 	25 	33 	36
942 	1994-08-10 	5 	17 	22 	30 	40
941 	1994-08-03 	8 	14 	18 	26 	41
940 	1994-07-27 	5 	6 	11 	17 	42
939 	1994-07-20 	11 	16 	26 	37 	39
938 	1994-07-13 	15 	29 	30 	32 	41
937 	1994-07-06 	11 	15 	18 	25 	31
936 	1994-06-29 	3 	12 	27 	36 	41
935 	1994-06-22 	10 	18 	27 	30 	41
934 	1994-06-15 	4 	21 	23 	25 	27
933 	1994-06-08 	13 	14 	18 	25 	40
932 	1994-06-01 	1 	9 	11 	33 	39
931 	1994-05-25 	13 	14 	15 	23 	39
930 	1994-05-18 	6 	18 	20 	27 	33
929 	1994-05-11 	1 	8 	10 	33 	34
928 	1994-05-04 	3 	8 	14 	19 	32
927 	1994-04-27 	6 	15 	38 	40 	41
926 	1994-04-20 	4 	7 	24 	30 	35
925 	1994-04-13 	2 	10 	14 	18 	28
924 	1994-04-06 	18 	27 	31 	34 	36
923 	1994-03-30 	4 	8 	11 	18 	28
922 	1994-03-23 	3 	4 	17 	23 	37
921 	1994-03-16 	12 	27 	33 	35 	37
920 	1994-03-09 	7 	24 	32 	36 	41
919 	1994-03-02 	7 	12 	13 	15 	40
918 	1994-02-23 	8 	11 	19 	20 	34
917 	1994-02-16 	21 	29 	33 	35 	42
916 	1994-02-09 	8 	20 	28 	37 	40
915 	1994-02-02 	7 	16 	25 	32 	41
914 	1994-01-26 	2 	32 	34 	36 	42
913 	1994-01-19 	20 	25 	31 	32 	36
912 	1994-01-12 	4 	6 	15 	35 	36
911 	1994-01-05 	5 	11 	19 	30 	31
910 	1993-12-29 	2 	8 	18 	24 	32
909 	1993-12-22 	3 	20 	31 	34 	35
908 	1993-12-15 	5 	27 	28 	32 	40
907 	1993-12-08 	13 	15 	16 	19 	33
906 	1993-12-01 	11 	23 	30 	37 	42
905 	1993-11-24 	6 	8 	9 	11 	21
904 	1993-11-17 	2 	5 	6 	13 	21
903 	1993-11-10 	10 	13 	21 	23 	32
902 	1993-11-03 	18 	19 	23 	25 	29
901 	1993-10-27 	12 	24 	29 	30 	33
900 	1993-10-20 	2 	3 	12 	15 	21
899 	1993-10-13 	2 	23 	30 	34 	40
898 	1993-10-06 	18 	19 	29 	31 	41
897 	1993-09-29 	27 	30 	37 	40 	41
896 	1993-09-22 	10 	13 	31 	35 	37
895 	1993-09-15 	6 	13 	17 	24 	36
894 	1993-09-08 	7 	21 	25 	29 	35
893 	1993-09-01 	11 	16 	24 	28 	38
892 	1993-08-25 	4 	9 	12 	16 	20
891 	1993-08-18 	11 	18 	19 	25 	35
890 	1993-08-11 	8 	19 	30 	33 	41
889 	1993-08-04 	6 	13 	19 	25 	31
888 	1993-07-28 	7 	18 	27 	35 	41
887 	1993-07-21 	3 	6 	8 	26 	27
886 	1993-07-14 	13 	25 	29 	38 	41
885 	1993-07-07 	2 	7 	14 	19 	31
884 	1993-06-30 	8 	12 	14 	24 	37
883 	1993-06-23 	4 	13 	18 	19 	29
882 	1993-06-16 	2 	9 	17 	26 	36
881 	1993-06-09 	2 	6 	9 	15 	29
880 	1993-06-02 	4 	18 	30 	32 	37
879 	1993-05-26 	8 	27 	29 	31 	36
878 	1993-05-19 	7 	8 	11 	23 	27
877 	1993-05-12 	5 	11 	15 	39 	40
876 	1993-05-05 	11 	16 	17 	35 	42
875 	1993-04-28 	6 	12 	30 	32 	42
874 	1993-04-21 	5 	9 	22 	29 	30
873 	1993-04-14 	5 	11 	13 	25 	30
872 	1993-04-07 	7 	12 	32 	38 	40
871 	1993-03-31 	2 	20 	24 	39 	42
870 	1993-03-24 	2 	3 	25 	33 	42
869 	1993-03-17 	4 	10 	19 	31 	33
868 	1993-03-10 	2 	7 	12 	23 	41
867 	1993-03-03 	1 	13 	28 	33 	38
866 	1993-02-24 	14 	15 	23 	36 	38
865 	1993-02-17 	3 	10 	18 	21 	26
864 	1993-02-10 	14 	24 	33 	34 	38
863 	1993-02-03 	8 	26 	33 	34 	37
862 	1993-01-27 	6 	10 	23 	31 	39
861 	1993-01-20 	5 	33 	35 	36 	37
860 	1993-01-13 	11 	13 	14 	19 	28
859 	1993-01-06 	13 	14 	32 	34 	42
858 	1992-12-30 	5 	10 	22 	24 	26
857 	1992-12-23 	3 	17 	21 	22 	25
856 	1992-12-16 	9 	11 	13 	31 	38
855 	1992-12-09 	8 	19 	21 	28 	33
854 	1992-12-02 	1 	2 	4 	24 	40
853 	1992-11-25 	9 	10 	30 	35 	36
852 	1992-11-18 	2 	3 	8 	30 	33
851 	1992-11-11 	8 	9 	12 	28 	38
850 	1992-11-04 	3 	12 	13 	21 	32
849 	1992-10-28 	1 	12 	17 	19 	34
848 	1992-10-21 	2 	7 	18 	26 	27
847 	1992-10-14 	12 	20 	23 	24 	36
846 	1992-10-07 	1 	3 	26 	33 	36
845 	1992-09-30 	3 	8 	20 	36 	42
844 	1992-09-23 	2 	5 	16 	23 	40
843 	1992-09-16 	13 	15 	19 	27 	32
842 	1992-09-09 	1 	15 	19 	26 	39
841 	1992-09-02 	10 	13 	20 	36 	40
840 	1992-08-26 	5 	14 	16 	23 	33
839 	1992-08-19 	11 	16 	19 	23 	27
838 	1992-08-12 	2 	5 	30 	40 	41
837 	1992-08-05 	6 	7 	19 	24 	29
836 	1992-07-29 	9 	17 	21 	28 	31
835 	1992-07-22 	9 	19 	20 	21 	36
834 	1992-07-15 	8 	20 	29 	37 	42
833 	1992-07-08 	16 	19 	20 	21 	40
832 	1992-07-01 	6 	19 	26 	28 	35
831 	1992-06-24 	1 	9 	29 	31 	32
830 	1992-06-17 	6 	20 	24 	26 	35
829 	1992-06-10 	4 	15 	20 	30 	38
828 	1992-06-03 	2 	6 	15 	24 	30
827 	1992-05-27 	10 	19 	23 	27 	33
826 	1992-05-20 	11 	12 	26 	29 	37
825 	1992-05-13 	3 	5 	16 	22 	39
824 	1992-05-06 	9 	18 	20 	40 	41
823 	1992-04-29 	12 	16 	26 	33 	42
822 	1992-04-22 	13 	21 	23 	26 	42
821 	1992-04-15 	11 	12 	17 	23 	24
820 	1992-04-08 	2 	17 	18 	27 	35
819 	1992-04-01 	21 	33 	34 	35 	40
818 	1992-03-25 	7 	12 	17 	18 	35
817 	1992-03-18 	6 	9 	23 	34 	35
816 	1992-03-11 	9 	12 	14 	21 	30
815 	1992-03-04 	4 	18 	24 	36 	38
814 	1992-02-26 	1 	9 	23 	27 	39
813 	1992-02-19 	5 	11 	17 	30 	39
812 	1992-02-12 	16 	22 	32 	35 	38
811 	1992-02-05 	1 	3 	6 	12 	18
810 	1992-01-29 	6 	11 	12 	34 	40
809 	1992-01-22 	1 	14 	20 	24 	32
808 	1992-01-15 	10 	13 	27 	28 	30
807 	1992-01-08 	3 	8 	13 	19 	23
806 	1992-01-01 	10 	28 	35 	39 	42
805 	1991-12-25 	15 	22 	26 	29 	31
804 	1991-12-18 	1 	5 	13 	31 	38
803 	1991-12-11 	1 	2 	6 	14 	40
802 	1991-12-04 	20 	21 	33 	35 	41
801 	1991-11-27 	1 	6 	10 	40 	41
800 	1991-11-20 	1 	5 	9 	15 	40
799 	1991-11-13 	2 	12 	18 	37 	39
798 	1991-11-06 	20 	21 	33 	37 	41
797 	1991-10-30 	12 	19 	21 	28 	33
796 	1991-10-23 	21 	28 	30 	31 	34
795 	1991-10-16 	2 	14 	29 	39 	42
794 	1991-10-09 	2 	5 	15 	17 	21
793 	1991-10-02 	1 	8 	10 	21 	25
792 	1991-09-25 	2 	3 	21 	27 	31
791 	1991-09-18 	12 	21 	23 	25 	40
790 	1991-09-11 	22 	28 	32 	37 	42
789 	1991-09-04 	27 	34 	36 	40 	42
788 	1991-08-28 	5 	17 	24 	26 	38
787 	1991-08-21 	10 	13 	29 	38 	41
786 	1991-08-14 	6 	15 	17 	30 	41
785 	1991-08-07 	5 	10 	14 	32 	34
784 	1991-07-31 	11 	24 	37 	41 	42
783 	1991-07-24 	2 	14 	19 	40 	42
782 	1991-07-17 	14 	29 	35 	37 	38
781 	1991-07-10 	10 	22 	29 	35 	36
780 	1991-07-03 	13 	21 	22 	25 	28
779 	1991-06-26 	3 	13 	18 	20 	32
778 	1991-06-19 	9 	11 	20 	33 	40
777 	1991-06-12 	7 	12 	21 	31 	36
776 	1991-06-05 	4 	5 	9 	11 	20
775 	1991-05-29 	20 	21 	23 	35 	42
774 	1991-05-22 	13 	25 	26 	28 	37
773 	1991-05-15 	2 	24 	27 	41 	42
772 	1991-05-08 	2 	10 	27 	38 	41
771 	1991-05-01 	6 	9 	11 	17 	31
770 	1991-04-24 	1 	14 	19 	33 	39
769 	1991-04-17 	2 	5 	22 	26 	41
768 	1991-04-10 	1 	5 	10 	36 	39
767 	1991-04-03 	2 	19 	25 	29 	39
766 	1991-03-27 	13 	34 	36 	39 	40
765 	1991-03-20 	3 	11 	32 	36 	39
764 	1991-03-13 	13 	17 	25 	28 	41
763 	1991-03-06 	1 	26 	27 	40 	41
762 	1991-02-27 	13 	22 	29 	32 	41
761 	1991-02-20 	17 	20 	30 	33 	37
760 	1991-02-13 	16 	17 	24 	37 	42
759 	1991-02-06 	4 	21 	28 	29 	41
758 	1991-01-30 	1 	3 	8 	12 	35
757 	1991-01-23 	15 	16 	20 	27 	30
756 	1991-01-16 	5 	10 	22 	38 	40
755 	1991-01-09 	3 	12 	17 	30 	37
754 	1991-01-02 	1 	7 	18 	33 	42
753 	1990-12-26 	7 	8 	16 	36 	42
752 	1990-12-19 	4 	5 	16 	32 	42
751 	1990-12-12 	4 	5 	9 	19 	25
750 	1990-12-05 	8 	12 	24 	31 	35
749 	1990-11-28 	5 	12 	22 	36 	38
748 	1990-11-21 	3 	18 	19 	21 	28
747 	1990-11-14 	7 	18 	22 	31 	42
746 	1990-11-07 	19 	27 	31 	33 	37
745 	1990-10-31 	3 	12 	22 	26 	31
744 	1990-10-24 	4 	17 	19 	24 	33
743 	1990-10-17 	1 	9 	23 	24 	31
742 	1990-10-10 	13 	16 	22 	29 	37
741 	1990-10-03 	15 	16 	17 	20 	27
740 	1990-09-26 	3 	8 	10 	27 	42
739 	1990-09-19 	8 	17 	24 	38 	42
738 	1990-09-12 	1 	4 	10 	24 	30
737 	1990-09-05 	2 	6 	31 	33 	35
736 	1990-08-29 	13 	16 	28 	31 	35
735 	1990-08-22 	3 	7 	17 	28 	38
734 	1990-08-15 	1 	2 	27 	33 	39
733 	1990-08-08 	2 	19 	26 	27 	39
732 	1990-08-01 	7 	18 	29 	30 	40
731 	1990-07-25 	16 	21 	24 	30 	38
730 	1990-07-18 	9 	15 	18 	25 	31
729 	1990-07-11 	2 	4 	17 	22 	27
728 	1990-07-04 	3 	8 	10 	19 	41
727 	1990-06-27 	15 	16 	21 	33 	36
726 	1990-06-20 	4 	5 	17 	36 	40
725 	1990-06-13 	12 	17 	20 	34 	36
724 	1990-06-06 	1 	17 	20 	33 	41
723 	1990-05-30 	8 	17 	18 	33 	41
722 	1990-05-23 	18 	21 	27 	29 	31
721 	1990-05-16 	13 	16 	25 	30 	39
720 	1990-05-09 	15 	16 	17 	19 	33
719 	1990-05-02 	5 	9 	20 	33 	35
718 	1990-04-25 	16 	17 	31 	34 	38
717 	1990-04-18 	2 	4 	20 	26 	39
716 	1990-04-11 	6 	7 	19 	25 	30
715 	1990-04-04 	13 	15 	28 	30 	31
714 	1990-03-28 	23 	24 	29 	34 	35
713 	1990-03-21 	16 	22 	34 	39 	42
712 	1990-03-14 	2 	3 	4 	8 	15
711 	1990-03-07 	10 	22 	25 	28 	30
710 	1990-02-28 	22 	24 	32 	34 	36
709 	1990-02-21 	5 	8 	18 	22 	35
708 	1990-02-14 	2 	24 	33 	34 	39
707 	1990-02-07 	3 	33 	34 	37 	40
706 	1990-01-31 	23 	24 	32 	38 	41
705 	1990-01-24 	6 	7 	9 	19 	24
704 	1990-01-17 	2 	8 	27 	31 	32
703 	1990-01-10 	9 	21 	24 	26 	33
702 	1990-01-03 	17 	19 	23 	26 	34
701 	1989-12-27 	8 	15 	21 	28 	42
700 	1989-12-20 	8 	17 	26 	39 	40
699 	1989-12-13 	1 	11 	28 	34 	41
698 	1989-12-06 	11 	16 	21 	27 	32
697 	1989-11-29 	1 	8 	9 	22 	30
696 	1989-11-22 	2 	5 	12 	17 	27
695 	1989-11-15 	9 	13 	26 	31 	36
694 	1989-11-08 	5 	8 	21 	36 	40
693 	1989-11-01 	6 	15 	16 	17 	32
692 	1989-10-25 	11 	20 	26 	36 	38
691 	1989-10-18 	16 	21 	26 	28 	29
690 	1989-10-11 	5 	6 	23 	31 	34
689 	1989-09-27 	10 	14 	15 	29 	30
688 	1989-09-20 	5 	6 	19 	22 	24
687 	1989-09-13 	16 	30 	32 	34 	37
686 	1989-09-06 	12 	18 	28 	37 	42
685 	1989-08-30 	9 	15 	26 	33 	40
684 	1989-08-23 	6 	18 	24 	27 	38
683 	1989-08-16 	16 	20 	21 	23 	36
682 	1989-08-09 	6 	19 	22 	23 	24
681 	1989-08-02 	12 	13 	14 	33 	35
680 	1989-07-26 	6 	14 	23 	35 	41
679 	1989-07-19 	10 	24 	29 	33 	36
678 	1989-07-12 	4 	6 	18 	20 	27
677 	1989-07-05 	19 	24 	26 	39 	42
676 	1989-06-28 	5 	11 	22 	30 	33
675 	1989-06-21 	2 	4 	7 	31 	36
674 	1989-06-14 	9 	21 	25 	36 	42
673 	1989-06-07 	2 	7 	8 	23 	39
672 	1989-05-31 	11 	12 	23 	27 	38
671 	1989-05-24 	16 	20 	30 	40 	41
670 	1989-05-17 	5 	11 	20 	25 	40
669 	1989-05-10 	8 	17 	34 	35 	37
668 	1989-05-03 	1 	11 	16 	19 	37
667 	1989-04-26 	6 	7 	10 	19 	25
666 	1989-04-19 	6 	18 	23 	28 	30
665 	1989-04-12 	10 	13 	23 	24 	28
664 	1989-04-05 	2 	11 	17 	18 	30
663 	1989-03-29 	2 	3 	28 	32 	34
662 	1989-03-22 	10 	18 	21 	25 	26
661 	1989-03-15 	2 	3 	10 	35 	41
660 	1989-03-08 	2 	9 	12 	18 	42
659 	1989-03-01 	3 	5 	8 	22 	28
658 	1989-02-22 	6 	19 	27 	38 	41
657 	1989-02-15 	6 	14 	19 	22 	27
656 	1989-02-08 	5 	12 	31 	34 	38
655 	1989-02-01 	10 	13 	20 	26 	30
654 	1989-01-25 	15 	19 	21 	40 	42
653 	1989-01-18 	4 	5 	27 	29 	32
652 	1989-01-11 	7 	15 	22 	37 	39
651 	1989-01-04 	6 	17 	23 	24 	33
650 	1988-12-28 	1 	17 	35 	39 	41
649 	1988-12-21 	2 	16 	21 	31 	35
648 	1988-12-14 	16 	19 	26 	28 	33
647 	1988-12-07 	17 	20 	22 	27 	28
646 	1988-11-30 	2 	6 	7 	28 	33
645 	1988-11-23 	1 	9 	17 	27 	41
644 	1988-11-16 	5 	8 	9 	26 	33
643 	1988-11-09 	4 	21 	28 	37 	40
642 	1988-11-02 	8 	10 	22 	23 	29
641 	1988-10-26 	17 	19 	20 	22 	29
640 	1988-10-19 	4 	13 	24 	28 	39
639 	1988-10-12 	4 	10 	17 	26 	34
638 	1988-10-05 	13 	18 	19 	25 	29
637 	1988-09-28 	6 	12 	26 	36 	41
636 	1988-09-21 	6 	13 	16 	30 	42
635 	1988-09-14 	7 	16 	21 	27 	29
634 	1988-09-07 	3 	5 	19 	26 	30
633 	1988-08-31 	4 	6 	25 	26 	28
632 	1988-08-24 	10 	18 	32 	35 	36
631 	1988-08-17 	8 	11 	13 	21 	27
630 	1988-08-10 	1 	15 	20 	28 	42
629 	1988-08-03 	7 	17 	24 	28 	37
628 	1988-07-27 	2 	3 	4 	16 	35
627 	1988-07-20 	11 	15 	21 	25 	29
626 	1988-07-13 	2 	7 	15 	21 	35
625 	1988-07-06 	2 	4 	8 	31 	34
624 	1988-06-29 	24 	28 	29 	30 	32
623 	1988-06-22 	5 	15 	16 	22 	35
622 	1988-06-15 	1 	2 	12 	25 	26
621 	1988-06-08 	1 	7 	31 	33 	40
620 	1988-06-01 	4 	18 	26 	32 	34
619 	1988-05-25 	8 	24 	31 	37 	39
618 	1988-05-18 	11 	12 	19 	26 	38
617 	1988-05-11 	9 	11 	33 	35 	36
616 	1988-05-04 	2 	3 	20 	22 	34
615 	1988-04-27 	7 	30 	36 	37 	41
614 	1988-04-20 	6 	13 	18 	19 	33
613 	1988-04-13 	18 	29 	31 	40 	41
612 	1988-04-06 	2 	5 	9 	10 	42
611 	1988-03-30 	21 	22 	27 	28 	40
610 	1988-03-23 	2 	7 	24 	31 	38
609 	1988-03-19 	4 	5 	24 	26 	37
608 	1988-03-09 	4 	12 	17 	27 	29
607 	1988-03-02 	10 	28 	30 	33 	36
606 	1988-02-24 	1 	2 	25 	29 	32
605 	1988-02-17 	4 	12 	16 	17 	41
604 	1988-02-10 	4 	7 	32 	34 	41
603 	1988-02-03 	3 	7 	10 	14 	27
602 	1988-01-27 	16 	18 	22 	31 	35
601 	1988-01-20 	2 	10 	31 	40 	41
600 	1988-01-13 	13 	27 	29 	36 	37
599 	1988-01-06 	1 	6 	28 	34 	37
598 	1987-12-30 	1 	6 	22 	28 	35
597 	1987-12-23 	6 	13 	17 	30 	34
596 	1987-12-16 	10 	24 	25 	28 	37
595 	1987-12-09 	2 	9 	21 	25 	37
594 	1987-12-02 	9 	14 	20 	21 	32
593 	1987-11-25 	8 	16 	17 	18 	24
592 	1987-11-18 	4 	6 	9 	17 	38
591 	1987-11-11 	3 	25 	26 	31 	40
590 	1987-11-04 	22 	25 	28 	35 	40
589 	1987-10-28 	4 	10 	13 	16 	31
588 	1987-10-21 	3 	15 	18 	29 	36
587 	1987-10-14 	6 	12 	24 	31 	40
586 	1987-10-07 	2 	10 	20 	32 	39
585 	1987-09-30 	2 	3 	17 	34 	42
584 	1987-09-23 	2 	4 	15 	20 	29
583 	1987-09-16 	9 	10 	28 	30 	40
582 	1987-09-09 	8 	15 	20 	22 	23
581 	1987-09-02 	14 	18 	21 	25 	26
580 	1987-08-26 	5 	11 	16 	38 	39
579 	1987-08-19 	3 	10 	15 	25 	28
578 	1987-08-12 	5 	22 	26 	30 	36
577 	1987-08-05 	10 	15 	26 	31 	42
576 	1987-07-29 	2 	7 	25 	32 	38
575 	1987-07-22 	3 	8 	15 	17 	18
574 	1987-07-15 	17 	20 	27 	31 	33
573 	1987-07-08 	4 	5 	17 	20 	26
572 	1987-07-01 	9 	11 	15 	18 	27
571 	1987-06-24 	4 	12 	27 	37 	38
570 	1987-06-17 	7 	8 	19 	32 	34
569 	1987-06-10 	21 	22 	25 	30 	40
568 	1987-06-03 	19 	31 	35 	38 	39
567 	1987-05-27 	3 	8 	11 	25 	33
566 	1987-05-20 	2 	14 	20 	27 	35
565 	1987-05-13 	1 	13 	15 	24 	28
564 	1987-05-06 	4 	11 	18 	35 	36
563 	1987-04-29 	1 	3 	6 	10 	26
562 	1987-04-22 	7 	10 	11 	17 	35
561 	1987-04-15 	4 	26 	32 	33 	36
560 	1987-04-08 	2 	4 	14 	19 	21
559 	1987-04-01 	1 	24 	29 	31 	41
558 	1987-03-25 	12 	23 	26 	28 	40
557 	1987-03-18 	11 	12 	23 	24 	35
556 	1987-03-11 	16 	23 	26 	30 	41
555 	1987-03-04 	14 	21 	23 	25 	31
554 	1987-02-25 	1 	3 	10 	12 	29
553 	1987-02-18 	2 	3 	5 	16 	31
552 	1987-02-11 	6 	22 	26 	29 	33
551 	1987-02-04 	6 	14 	18 	22 	35
550 	1987-01-28 	1 	3 	8 	14 	28
549 	1987-01-21 	19 	24 	32 	34 	39
548 	1987-01-14 	7 	11 	12 	38 	39
547 	1987-01-07 	14 	16 	22 	25 	32
546 	1986-12-31 	9 	13 	18 	24 	28
545 	1986-12-24 	11 	12 	28 	36 	37
544 	1986-12-17 	1 	25 	33 	40 	42
543 	1986-12-10 	18 	24 	31 	34 	42
542 	1986-12-03 	10 	14 	25 	29 	37
541 	1986-11-29 	11 	12 	23 	38 	41
540 	1986-11-19 	5 	9 	10 	23 	28
539 	1986-11-12 	14 	15 	20 	27 	28
538 	1986-11-05 	3 	16 	18 	36 	37
537 	1986-10-29 	3 	14 	26 	30 	41
536 	1986-10-22 	4 	8 	19 	32 	36
535 	1986-10-15 	11 	14 	15 	28 	30
534 	1986-10-08 	16 	20 	23 	29 	31
533 	1986-10-01 	18 	27 	28 	38 	42
532 	1986-09-24 	1 	6 	12 	13 	31
531 	1986-09-17 	4 	17 	18 	22 	32
530 	1986-09-10 	16 	18 	22 	37 	39
529 	1986-09-03 	6 	23 	24 	35 	42
528 	1986-08-27 	7 	8 	26 	36 	42
527 	1986-08-20 	6 	25 	31 	34 	42
526 	1986-08-13 	5 	8 	27 	36 	38
525 	1986-08-06 	7 	13 	19 	20 	38
524 	1986-07-30 	13 	15 	17 	26 	40
523 	1986-07-23 	5 	14 	24 	32 	37
522 	1986-07-16 	4 	14 	27 	32 	35
521 	1986-07-09 	2 	4 	13 	16 	26
520 	1986-07-02 	1 	7 	23 	36 	37
519 	1986-06-25 	10 	18 	23 	38 	39
518 	1986-06-18 	1 	27 	28 	31 	34
517 	1986-06-11 	4 	16 	17 	26 	32
516 	1986-06-04 	8 	9 	11 	15 	29
515 	1986-05-28 	11 	13 	18 	22 	23
514 	1986-05-21 	2 	4 	5 	13 	18
513 	1986-05-14 	6 	9 	15 	16 	34
512 	1986-05-07 	1 	6 	15 	16 	19
511 	1986-04-30 	10 	11 	12 	25 	34
510 	1986-04-23 	1 	7 	25 	39 	42
509 	1986-04-16 	12 	30 	34 	37 	40
508 	1986-04-09 	17 	24 	30 	31 	32
507 	1986-04-02 	5 	16 	28 	35 	37
506 	1986-03-26 	6 	7 	12 	28 	32
505 	1986-03-19 	9 	21 	23 	29 	37
504 	1986-03-12 	6 	11 	18 	27 	36
503 	1986-03-05 	2 	4 	21 	29 	36
502 	1986-02-26 	7 	18 	20 	25 	35
501 	1986-02-19 	2 	22 	26 	28 	39
500 	1986-02-12 	2 	5 	8 	10 	38
499 	1986-02-05 	3 	5 	19 	33 	35
498 	1986-01-29 	8 	10 	28 	32 	34
497 	1986-01-22 	15 	21 	23 	28 	35
496 	1986-01-15 	1 	4 	5 	33 	42
495 	1986-01-08 	1 	10 	25 	31 	38
494 	1986-01-01 	1 	15 	19 	21 	39
493 	1985-12-25 	6 	12 	16 	23 	26
492 	1985-12-18 	15 	25 	26 	27 	29
491 	1985-12-11 	17 	19 	20 	21 	39
490 	1985-12-04 	13 	23 	36 	38 	40
489 	1985-11-27 	4 	6 	11 	34 	42
488 	1985-11-20 	3 	4 	12 	20 	34
487 	1985-11-13 	21 	22 	25 	32 	39
486 	1985-11-06 	15 	21 	26 	28 	34
485 	1985-10-30 	11 	15 	19 	26 	40
484 	1985-10-23 	4 	10 	13 	36 	40
483 	1985-10-16 	9 	13 	16 	21 	28
482 	1985-10-09 	7 	11 	12 	17 	27
481 	1985-10-02 	14 	15 	24 	27 	42
480 	1985-09-25 	2 	3 	5 	30 	33
479 	1985-09-18 	6 	12 	20 	24 	27
478 	1985-09-11 	4 	8 	17 	23 	41
477 	1985-09-04 	1 	33 	34 	35 	38
476 	1985-08-28 	8 	18 	25 	28 	38
475 	1985-08-21 	20 	22 	28 	34 	42
474 	1985-08-14 	4 	11 	20 	23 	32
473 	1985-08-07 	6 	10 	14 	27 	41
472 	1985-07-31 	10 	13 	14 	27 	42
471 	1985-07-24 	4 	19 	32 	35 	40
470 	1985-07-17 	1 	11 	18 	20 	21
469 	1985-07-10 	7 	11 	21 	32 	42
468 	1985-07-03 	8 	9 	18 	27 	41
467 	1985-06-26 	19 	31 	34 	37 	41
466 	1985-06-19 	5 	19 	22 	23 	29
465 	1985-06-12 	1 	14 	20 	33 	40
464 	1985-06-05 	1 	11 	13 	21 	37
463 	1985-05-29 	10 	12 	13 	16 	23
462 	1985-05-22 	12 	19 	30 	33 	34
461 	1985-05-15 	20 	21 	26 	37 	38
460 	1985-05-08 	4 	9 	18 	19 	27
459 	1985-05-01 	5 	7 	14 	19 	32
458 	1985-04-24 	1 	5 	6 	30 	41
457 	1985-04-17 	3 	13 	17 	31 	38
456 	1985-04-10 	10 	30 	31 	39 	42
455 	1985-04-03 	2 	26 	29 	37 	39
454 	1985-03-27 	14 	26 	29 	38 	39
453 	1985-03-20 	1 	11 	17 	24 	37
452 	1985-03-13 	6 	15 	29 	30 	34
451 	1985-03-06 	2 	21 	22 	31 	42
450 	1985-02-27 	3 	6 	7 	23 	24
449 	1985-02-20 	10 	17 	23 	33 	41
448 	1985-02-13 	2 	10 	12 	16 	27
447 	1985-02-06 	19 	22 	26 	30 	31
446 	1985-01-30 	5 	25 	28 	31 	33
445 	1985-01-23 	13 	28 	31 	34 	35
444 	1985-01-16 	1 	4 	9 	14 	17
443 	1985-01-09 	6 	9 	21 	31 	37
442 	1985-01-02 	2 	5 	19 	36 	42
441 	1984-12-26 	3 	13 	20 	26 	41
440 	1984-12-19 	1 	7 	15 	27 	42
439 	1984-12-12 	6 	8 	9 	16 	37
438 	1984-12-05 	3 	9 	13 	25 	32
437 	1984-11-28 	3 	11 	19 	34 	37
436 	1984-11-21 	3 	14 	23 	35 	41
435 	1984-11-14 	2 	7 	9 	12 	17
434 	1984-11-07 	13 	25 	32 	35 	39
433 	1984-10-31 	1 	5 	12 	16 	40
432 	1984-10-24 	4 	19 	22 	24 	29
431 	1984-10-17 	3 	8 	20 	21 	31
430 	1984-10-10 	18 	26 	28 	37 	42
429 	1984-10-03 	7 	18 	19 	24 	40
428 	1984-09-26 	7 	15 	16 	19 	39
427 	1984-09-19 	2 	5 	17 	22 	36
426 	1984-09-12 	3 	4 	18 	26 	37
425 	1984-09-05 	2 	8 	16 	30 	36
424 	1984-08-29 	10 	16 	29 	35 	42
423 	1984-08-22 	2 	23 	27 	34 	38
422 	1984-08-15 	11 	16 	18 	32 	42
421 	1984-08-08 	5 	12 	17 	24 	32
420 	1984-08-01 	17 	20 	25 	31 	32
419 	1984-07-25 	5 	16 	21 	33 	40
418 	1984-07-18 	2 	10 	13 	23 	39
417 	1984-07-11 	6 	8 	23 	26 	35
416 	1984-07-04 	3 	6 	18 	19 	27
415 	1984-06-27 	10 	13 	14 	22 	34
414 	1984-06-20 	15 	21 	22 	29 	40
413 	1984-06-13 	3 	14 	15 	16 	17
412 	1984-06-06 	2 	20 	21 	23 	29
411 	1984-05-30 	6 	8 	19 	21 	42
410 	1984-05-23 	1 	5 	14 	34 	41
409 	1984-05-16 	13 	20 	28 	30 	35
408 	1984-05-09 	11 	16 	22 	26 	37
407 	1984-05-02 	22 	27 	32 	34 	42
406 	1984-04-25 	20 	31 	33 	36 	37
405 	1984-04-18 	25 	32 	33 	37 	38
404 	1984-04-11 	10 	11 	27 	34 	36
403 	1984-04-04 	18 	19 	33 	36 	42
402 	1984-03-28 	22 	25 	26 	30 	36
401 	1984-03-21 	3 	7 	10 	27 	36
400 	1984-03-14 	11 	29 	40 	41 	42
399 	1984-03-07 	6 	7 	18 	25 	40
398 	1984-02-29 	6 	14 	32 	36 	40
397 	1984-02-22 	6 	20 	25 	37 	41
396 	1984-02-15 	2 	5 	8 	19 	33
395 	1984-02-08 	1 	2 	15 	16 	31
394 	1984-02-01 	5 	9 	34 	39 	41
393 	1984-01-25 	16 	17 	18 	34 	35
392 	1984-01-18 	3 	15 	21 	37 	38
391 	1984-01-11 	3 	12 	13 	25 	30
390 	1984-01-04 	8 	15 	25 	30 	40
389 	1983-12-28 	7 	12 	20 	21 	36
388 	1983-12-21 	4 	6 	8 	35 	42
387 	1983-12-14 	10 	18 	21 	25 	35
386 	1983-12-07 	4 	6 	13 	16 	20
385 	1983-11-30 	1 	7 	26 	27 	31
384 	1983-11-23 	2 	9 	16 	22 	37
383 	1983-11-16 	26 	28 	35 	40 	42
382 	1983-11-09 	2 	7 	18 	20 	33
381 	1983-11-02 	11 	13 	29 	30 	39
380 	1983-10-26 	9 	11 	17 	37 	42
379 	1983-10-19 	4 	7 	33 	35 	36
378 	1983-10-12 	3 	20 	28 	30 	38
377 	1983-10-05 	12 	18 	24 	25 	39
376 	1983-09-28 	6 	10 	11 	18 	29
375 	1983-09-21 	5 	7 	18 	24 	32
374 	1983-09-14 	12 	22 	23 	29 	31
373 	1983-09-07 	5 	7 	10 	31 	35
372 	1983-08-31 	1 	9 	10 	13 	35
371 	1983-08-24 	3 	7 	20 	30 	42
370 	1983-08-17 	6 	15 	30 	35 	36
369 	1983-08-10 	12 	14 	26 	37 	40
368 	1983-08-03 	3 	5 	22 	29 	31
367 	1983-07-27 	5 	8 	9 	11 	42
366 	1983-07-20 	1 	3 	6 	26 	35
365 	1983-07-13 	2 	3 	15 	21 	38
364 	1983-07-06 	3 	14 	23 	31 	34
363 	1983-06-29 	4 	19 	25 	29 	41
362 	1983-06-22 	6 	16 	18 	23 	35
361 	1983-06-15 	7 	9 	10 	17 	42
360 	1983-06-08 	15 	21 	34 	36 	39
359 	1983-06-01 	13 	20 	23 	36 	42
358 	1983-05-25 	15 	20 	22 	24 	30
357 	1983-05-18 	17 	20 	24 	28 	38
356 	1983-05-11 	4 	6 	22 	26 	38
355 	1983-05-04 	13 	17 	30 	33 	37
354 	1983-04-27 	2 	14 	16 	21 	34
353 	1983-04-20 	6 	9 	14 	34 	38
352 	1983-04-13 	12 	18 	23 	30 	33
351 	1983-04-06 	8 	10 	15 	19 	20
350 	1983-03-30 	10 	13 	19 	20 	29
349 	1983-03-23 	11 	15 	16 	21 	38
348 	1983-03-16 	3 	24 	30 	31 	32
347 	1983-03-09 	7 	9 	18 	21 	24
346 	1983-03-02 	2 	10 	20 	27 	34
345 	1983-02-23 	15 	17 	19 	32 	36
344 	1983-02-16 	10 	12 	15 	22 	29
343 	1983-02-09 	18 	32 	35 	38 	40
342 	1983-02-02 	1 	8 	17 	27 	38
341 	1983-01-26 	5 	12 	21 	26 	36
340 	1983-01-19 	2 	27 	33 	39 	41
339 	1983-01-12 	6 	15 	30 	33 	38
338 	1983-01-05 	5 	8 	29 	39 	40
337 	1982-12-29 	9 	11 	15 	16 	21
336 	1982-12-22 	13 	18 	34 	37 	41
335 	1982-12-15 	20 	28 	30 	37 	40
334 	1982-12-08 	8 	17 	26 	33 	41
333 	1982-12-01 	3 	12 	23 	38 	39
332 	1982-11-24 	3 	9 	12 	16 	19
331 	1982-11-17 	16 	18 	28 	37 	39
330 	1982-11-10 	8 	11 	12 	14 	30
329 	1982-11-03 	3 	9 	21 	34 	37
328 	1982-10-27 	4 	6 	10 	32 	38
327 	1982-10-20 	6 	10 	13 	22 	29
326 	1982-10-13 	4 	6 	12 	16 	39
325 	1982-10-06 	18 	19 	22 	34 	39
324 	1982-09-29 	6 	14 	24 	25 	31
323 	1982-09-22 	5 	8 	10 	28 	39
322 	1982-09-15 	6 	10 	31 	32 	42
321 	1982-09-08 	9 	18 	22 	29 	33
320 	1982-09-01 	5 	6 	13 	15 	34
319 	1982-08-25 	14 	15 	22 	30 	38
318 	1982-08-18 	5 	20 	28 	33 	37
317 	1982-08-11 	9 	11 	25 	31 	34
316 	1982-08-04 	3 	17 	20 	32 	37
315 	1982-07-28 	6 	8 	12 	24 	25
314 	1982-07-21 	9 	13 	15 	19 	29
313 	1982-07-14 	19 	23 	24 	28 	39
312 	1982-07-07 	3 	10 	11 	13 	21
311 	1982-06-30 	5 	25 	39 	40 	42
310 	1982-06-23 	21 	24 	29 	30 	41
309 	1982-06-16 	11 	14 	17 	24 	29
308 	1982-06-09 	17 	18 	29 	30 	33
307 	1982-06-02 	9 	12 	13 	20 	32
306 	1982-05-26 	9 	18 	19 	26 	42
305 	1982-05-19 	11 	16 	20 	23 	26
304 	1982-05-12 	1 	3 	4 	10 	37
303 	1982-05-05 	8 	13 	15 	26 	39
302 	1982-04-28 	14 	17 	23 	35 	40
301 	1982-04-21 	27 	28 	35 	38 	39
300 	1982-04-14 	8 	12 	16 	23 	40
299 	1982-04-07 	4 	13 	18 	21 	32
298 	1982-03-31 	7 	11 	23 	32 	38
297 	1982-03-24 	1 	7 	18 	29 	40
296 	1982-03-17 	4 	6 	14 	33 	37
295 	1982-03-10 	4 	20 	23 	36 	39
294 	1982-03-03 	2 	4 	30 	35 	36
293 	1982-02-24 	6 	13 	22 	28 	31
292 	1982-02-17 	9 	13 	31 	38 	40
291 	1982-02-10 	5 	14 	27 	32 	37
290 	1982-02-03 	21 	27 	29 	33 	37
289 	1982-01-27 	15 	26 	27 	28 	29
288 	1982-01-20 	1 	3 	15 	25 	26
287 	1982-01-13 	2 	15 	26 	30 	41
286 	1982-01-06 	3 	6 	20 	30 	34
285 	1981-12-30 	5 	9 	15 	35 	37
284 	1981-12-23 	21 	23 	33 	38 	42
283 	1981-12-16 	5 	9 	16 	23 	41
282 	1981-12-09 	12 	16 	36 	41 	42
281 	1981-12-02 	5 	6 	25 	28 	37
280 	1981-11-25 	6 	9 	16 	24 	25
279 	1981-11-18 	7 	9 	11 	17 	26
278 	1981-11-11 	15 	17 	21 	23 	32
277 	1981-11-04 	6 	12 	17 	22 	29
276 	1981-10-28 	14 	25 	33 	37 	40
275 	1981-10-21 	3 	7 	25 	31 	33
274 	1981-10-14 	11 	15 	16 	21 	41
273 	1981-10-07 	11 	16 	21 	35 	42
272 	1981-09-30 	1 	15 	17 	26 	31
271 	1981-09-23 	2 	6 	16 	20 	30
270 	1981-09-16 	18 	28 	31 	34 	36
269 	1981-09-09 	19 	31 	32 	34 	40
268 	1981-09-02 	9 	30 	34 	35 	42
267 	1981-08-26 	5 	13 	18 	33 	36
266 	1981-08-19 	5 	20 	23 	34 	40
265 	1981-08-12 	2 	5 	7 	9 	35
264 	1981-08-05 	1 	5 	8 	30 	36
263 	1981-07-29 	15 	24 	29 	30 	37
262 	1981-07-22 	4 	13 	31 	34 	35
261 	1981-07-15 	15 	20 	26 	40 	41
260 	1981-07-08 	5 	7 	25 	27 	29
259 	1981-07-01 	6 	10 	25 	26 	35
258 	1981-06-24 	2 	7 	23 	34 	40
257 	1981-06-17 	7 	10 	17 	18 	28
256 	1981-06-10 	3 	5 	24 	27 	30
255 	1981-06-03 	6 	20 	26 	34 	38
254 	1981-05-27 	10 	11 	21 	22 	38
253 	1981-05-20 	7 	11 	16 	24 	37
252 	1981-05-13 	3 	13 	30 	36 	40
251 	1981-05-06 	21 	26 	28 	34 	42
250 	1981-04-29 	2 	10 	18 	29 	36
249 	1981-04-22 	3 	13 	22 	24 	32
248 	1981-04-15 	16 	19 	28 	30 	33
247 	1981-04-08 	2 	7 	20 	21 	32
246 	1981-04-01 	12 	26 	34 	41 	42
245 	1981-03-25 	1 	14 	19 	20 	29
244 	1981-03-18 	6 	9 	24 	26 	35
243 	1981-03-11 	11 	15 	22 	32 	33
242 	1981-03-04 	9 	12 	20 	27 	41
241 	1981-02-25 	1 	23 	35 	37 	42
240 	1981-02-18 	10 	14 	23 	31 	32
239 	1981-02-11 	2 	14 	19 	26 	30
238 	1981-02-04 	5 	10 	17 	26 	40
237 	1981-01-28 	2 	5 	10 	34 	39
236 	1981-01-21 	6 	23 	26 	38 	42
235 	1981-01-14 	14 	15 	30 	38 	40
234 	1981-01-07 	3 	13 	18 	36 	38
233 	1980-12-31 	8 	14 	22 	27 	30
232 	1980-12-24 	4 	12 	17 	22 	24
231 	1980-12-17 	1 	10 	29 	36 	40
230 	1980-12-10 	4 	6 	6 	12 	18
229 	1980-12-03 	17 	18 	30 	31 	40
228 	1980-11-26 	6 	9 	13 	23 	37
227 	1980-11-19 	10 	14 	25 	26 	41
226 	1980-11-12 	5 	7 	12 	21 	40
225 	1980-11-05 	1 	16 	20 	25 	39
224 	1980-10-29 	1 	3 	9 	30 	32
223 	1980-10-22 	1 	10 	17 	36 	40
222 	1980-10-15 	2 	12 	18 	23 	29
221 	1980-10-08 	5 	22 	24 	28 	29
220 	1980-10-01 	1 	9 	10 	17 	40
219 	1980-09-24 	10 	16 	20 	30 	38
218 	1980-09-17 	3 	5 	17 	25 	39
217 	1980-09-10 	17 	21 	23 	24 	26
216 	1980-09-03 	6 	23 	29 	35 	40
215 	1980-08-27 	2 	14 	26 	38 	41
214 	1980-08-20 	5 	24 	26 	28 	41
213 	1980-08-13 	4 	6 	7 	11 	37
212 	1980-08-06 	12 	27 	28 	36 	41
211 	1980-07-30 	7 	11 	22 	32 	36
210 	1980-07-23 	11 	22 	36 	39 	41
209 	1980-07-16 	12 	16 	19 	32 	42
208 	1980-07-09 	24 	31 	35 	39 	42
207 	1980-07-02 	5 	6 	10 	35 	37
206 	1980-06-25 	2 	19 	25 	34 	41
205 	1980-06-18 	7 	17 	24 	26 	39
204 	1980-06-11 	5 	25 	32 	36 	38
203 	1980-06-04 	12 	13 	17 	29 	32
202 	1980-05-28 	3 	11 	17 	35 	40
201 	1980-05-21 	9 	16 	20 	27 	31
200 	1980-05-14 	3 	19 	28 	33 	37
199 	1980-05-07 	15 	24 	26 	28 	37
198 	1980-04-30 	5 	11 	26 	31 	35
197 	1980-04-23 	2 	3 	15 	21 	26
196 	1980-04-16 	1 	8 	12 	19 	20
195 	1980-04-09 	1 	5 	20 	21 	37
194 	1980-04-02 	3 	8 	9 	24 	24
193 	1980-03-26 	3 	7 	15 	36 	37
192 	1980-03-19 	9 	11 	24 	28 	39
191 	1980-03-12 	5 	6 	19 	26 	41
190 	1980-03-05 	7 	19 	20 	23 	39
189 	1980-02-27 	9 	12 	13 	17 	27
188 	1980-02-20 	13 	20 	23 	33 	38
187 	1980-02-13 	3 	5 	10 	22 	39
186 	1980-02-06 	15 	19 	20 	27 	36
185 	1980-01-30 	9 	18 	22 	30 	31
184 	1980-01-23 	2 	10 	25 	28 	42
183 	1980-01-16 	6 	16 	29 	37 	38
182 	1980-01-09 	14 	24 	25 	27 	32
181 	1980-01-02 	1 	4 	7 	10 	13
180 	1979-12-26 	23 	26 	27 	35 	40
179 	1979-12-19 	2 	8 	17 	20 	31
178 	1979-12-12 	10 	19 	25 	28 	30
177 	1979-12-05 	13 	18 	27 	30 	41
176 	1979-11-28 	21 	22 	34 	40 	41
175 	1979-11-21 	2 	17 	31 	32 	33
174 	1979-11-14 	11 	13 	19 	32 	41
173 	1979-11-07 	15 	24 	32 	34 	35
172 	1979-10-31 	5 	6 	8 	17 	20
171 	1979-10-24 	12 	24 	27 	28 	39
170 	1979-10-17 	7 	11 	15 	28 	41
169 	1979-10-10 	7 	19 	28 	33 	35
168 	1979-10-03 	4 	5 	16 	26 	35
167 	1979-09-26 	1 	15 	23 	30 	42
166 	1979-09-19 	6 	9 	37 	37 	38
165 	1979-09-12 	18 	31 	35 	39 	39
164 	1979-09-05 	24 	24 	26 	31 	40
163 	1979-08-29 	4 	12 	14 	27 	41
162 	1979-08-22 	14 	25 	27 	28 	29
161 	1979-08-15 	5 	12 	25 	28 	38
160 	1979-08-08 	11 	20 	23 	26 	36
159 	1979-08-01 	3 	10 	15 	16 	20
158 	1979-07-25 	1 	9 	13 	31 	36
157 	1979-07-18 	11 	25 	31 	34 	41
156 	1979-07-11 	4 	10 	14 	30 	32
155 	1979-07-04 	10 	13 	19 	34 	41
154 	1979-06-27 	3 	12 	22 	32 	41
153 	1979-06-20 	5 	6 	32 	41 	42
152 	1979-06-13 	3 	26 	34 	35 	42
151 	1979-06-06 	10 	15 	21 	37 	42
150 	1979-05-30 	19 	25 	29 	38 	39
149 	1979-05-23 	7 	9 	10 	11 	28
148 	1979-05-16 	3 	20 	26 	34 	42
147 	1979-05-09 	13 	15 	18 	23 	24
146 	1979-05-02 	28 	36 	37 	38 	41
145 	1979-04-25 	9 	21 	29 	32 	35
144 	1979-04-18 	3 	28 	31 	32 	40
143 	1979-04-11 	3 	4 	6 	34 	38
142 	1979-04-04 	8 	20 	29 	37 	42
141 	1979-03-28 	15 	17 	26 	31 	38
140 	1979-03-21 	12 	13 	21 	27 	28
139 	1979-03-14 	5 	19 	25 	34 	39
138 	1979-03-07 	1 	2 	20 	28 	36
137 	1979-02-28 	18 	21 	26 	28 	36
136 	1979-02-21 	5 	9 	11 	16 	42
135 	1979-02-14 	1 	3 	4 	11 	29
134 	1979-02-07 	9 	32 	34 	38 	40
133 	1979-01-31 	5 	10 	12 	13 	17
132 	1979-01-24 	22 	23 	25 	32 	41
131 	1979-01-17 	2 	12 	15 	23 	40
130 	1979-01-10 	5 	23 	27 	27 	37
129 	1979-01-03 	5 	23 	27 	27 	37
128 	1978-12-27 	6 	29 	32 	33 	45
127 	1978-12-20 	16 	30 	33 	35 	41
126 	1978-12-13 	9 	11 	36 	39 	45
125 	1978-12-06 	10 	22 	41 	45 	48
124 	1978-11-29 	11 	16 	29 	39 	43
123 	1978-11-22 	8 	14 	31 	36 	39
122 	1978-11-15 	2 	24 	27 	37 	45
121 	1978-11-08 	6 	9 	21 	25 	32
120 	1978-11-01 	3 	9 	32 	33 	48
119 	1978-10-25 	12 	17 	28 	46 	49
118 	1978-10-18 	26 	27 	37 	40 	43
117 	1978-10-11 	14 	19 	27 	39 	49
116 	1978-10-04 	9 	16 	26 	38 	42
115 	1978-09-27 	15 	19 	22 	34 	38
114 	1978-09-20 	6 	12 	27 	32 	34
113 	1978-09-13 	2 	11 	16 	17 	20
112 	1978-09-06 	11 	12 	18 	32 	34
111 	1978-08-30 	3 	10 	16 	19 	40
110 	1978-08-23 	14 	27 	28 	34 	38
109 	1978-08-16 	14 	16 	19 	28 	33
108 	1978-08-09 	1 	2 	4 	27 	39
107 	1978-08-02 	12 	13 	16 	31 	44
106 	1978-07-26 	11 	14 	17 	23 	38
105 	1978-07-19 	16 	20 	23 	25 	44
104 	1978-07-12 	17 	26 	27 	44 	46
103 	1978-07-05 	17 	21 	42 	46 	47
102 	1978-06-28 	6 	14 	31 	35 	38
101 	1978-06-21 	1 	15 	22 	26 	40
100 	1978-06-14 	4 	16 	18 	25 	33
99 	1978-06-07 	4 	11 	28 	39 	44
98 	1978-05-31 	4 	10 	15 	29 	36
97 	1978-05-24 	13 	25 	37 	44 	45
96 	1978-05-17 	6 	16 	23 	37 	46
95 	1978-05-10 	5 	9 	16 	17 	23
94 	1978-05-03 	13 	22 	23 	29 	49
93 	1978-04-26 	2 	18 	23 	26 	44
92 	1978-04-19 	24 	27 	31 	35 	46
91 	1978-04-12 	6 	7 	26 	29 	31
90 	1978-04-05 	1 	2 	11 	12 	47
89 	1978-03-29 	19 	22 	28 	29 	30
88 	1978-03-22 	17 	20 	27 	30 	44
87 	1978-03-15 	8 	11 	16 	24 	37
86 	1978-03-08 	3 	7 	27 	31 	39
85 	1978-03-01 	19 	21 	27 	32 	38
84 	1978-02-22 	10 	26 	27 	36 	48
83 	1978-02-15 	8 	12 	13 	17 	28
82 	1978-02-08 	10 	25 	35 	36 	47
81 	1978-02-01 	2 	13 	27 	30 	41
80 	1978-01-25 	10 	12 	29 	33 	49
79 	1978-01-18 	4 	8 	33 	34 	49
78 	1978-01-11 	7 	23 	35 	46 	47
77 	1978-01-04 	5 	16 	19 	30 	45
76 	1977-12-28 	14 	19 	21 	32 	46
75 	1977-12-21 	8 	19 	31 	44 	49
74 	1977-12-14 	13 	18 	19 	37 	48
73 	1977-12-07 	4 	8 	28 	31 	48
72 	1977-11-30 	12 	21 	23 	26 	32
71 	1977-11-23 	9 	29 	30 	42 	45
70 	1977-11-16 	15 	19 	22 	28 	35
69 	1977-11-09 	13 	21 	30 	36 	43
68 	1977-11-02 	3 	20 	32 	34 	45
67 	1977-10-26 	4 	14 	35 	36 	37
66 	1977-10-19 	7 	13 	16 	23 	48
65 	1977-10-12 	7 	18 	20 	28 	40
64 	1977-10-05 	2 	7 	8 	15 	30
63 	1977-09-28 	7 	8 	16 	23 	25
62 	1977-09-21 	17 	23 	25 	38 	46
61 	1977-09-14 	11 	16 	26 	37 	39
60 	1977-09-07 	5 	10 	18 	40 	46
59 	1977-08-31 	12 	28 	41 	42 	48
58 	1977-08-24 	5 	6 	33 	42 	44
57 	1977-08-17 	4 	15 	25 	26 	41
56 	1977-08-10 	19 	21 	27 	31 	37
55 	1977-08-03 	6 	27 	30 	32 	36
54 	1977-07-27 	12 	25 	28 	34 	45
53 	1977-07-20 	3 	28 	35 	42 	47
52 	1977-07-13 	8 	13 	27 	39 	42
51 	1977-07-06 	22 	26 	28 	31 	38
50 	1977-06-29 	7 	13 	16 	21 	30
49 	1977-06-22 	17 	24 	37 	42 	46
48 	1977-06-15 	1 	11 	13 	25 	41
47 	1977-06-08 	2 	6 	18 	19 	41
46 	1977-06-01 	3 	6 	8 	31 	34
45 	1977-05-25 	14 	28 	32 	42 	49
44 	1977-05-18 	11 	14 	32 	35 	39
43 	1977-05-11 	19 	20 	24 	25 	43
42 	1977-05-04 	4 	10 	22 	23 	43
41 	1977-04-27 	1 	3 	9 	11 	42
40 	1977-04-20 	11 	15 	29 	45 	49
39 	1977-04-13 	5 	8 	8 	31 	35
38 	1977-04-06 	4 	16 	28 	32 	33
37 	1977-03-30 	2 	10 	21 	26 	30
36 	1977-03-23 	2 	11 	13 	29 	38
35 	1977-03-16 	2 	15 	27 	35 	43
34 	1977-03-09 	18 	21 	35 	43 	48
33 	1977-03-02 	12 	14 	16 	19 	22
32 	1977-02-23 	2 	20 	26 	27 	39
31 	1977-02-16 	4 	14 	23 	24 	34
30 	1977-02-09 	21 	24 	26 	35 	43
29 	1977-02-02 	9 	13 	37 	38 	42
28 	1977-01-26 	15 	16 	34 	44 	46
27 	1977-01-19 	6 	9 	11 	17 	47
26 	1977-01-12 	5 	7 	8 	20 	44
25 	1977-01-05 	1 	6 	16 	37 	38
24 	1976-12-29 	2 	23 	26 	28 	38
23 	1976-12-22 	15 	21 	32 	34 	38
22 	1976-12-15 	9 	13 	16 	19 	27
21 	1976-12-08 	2 	5 	9 	32 	38
20 	1976-12-01 	20 	29 	30 	31 	34
19 	1976-11-24 	8 	12 	19 	23 	42
18 	1976-11-17 	9 	12 	23 	35 	46
17 	1976-11-10 	5 	11 	31 	35 	37
16 	1976-11-03 	5 	12 	16 	28 	29
15 	1976-10-27 	23 	39 	41 	42 	48
14 	1976-10-20 	10 	25 	31 	37 	46
13 	1976-10-13 	8 	19 	27 	39 	41
12 	1976-10-06 	6 	31 	42 	45 	47
11 	1976-09-29 	1 	7 	37 	39 	45
10 	1976-09-22 	23 	29 	32 	35 	44
9 	1976-09-15 	2 	25 	27 	46 	48
8 	1976-09-08 	4 	10 	21 	33 	35
7 	1976-09-01 	6 	15 	39 	43 	45
6 	1976-08-25 	7 	16 	22 	30 	41
5 	1976-07-28 	10 	22 	23 	29 	41
4 	1976-06-09 	2 	12 	38 	43 	49
3 	1976-05-12 	3 	9 	28 	33 	46
2 	1976-04-28 	31 	36 	37 	42 	48
1 	1976-03-31 	2 	13 	28 	29 	38